t	QA
0.000000	0.000000
1.000000	0.000000
2.000000	0.000000
3.000000	0.000000
4.000000	0.000000
5.000000	0.000000
6.000000	0.000000
7.000000	0.000000
8.000000	0.000000
9.000000	0.000000
10.000000	0.000000
11.000000	0.000000
12.000000	0.696964
13.000000	0.718222
14.000000	0.730495
15.000000	0.746736
16.000000	0.767042
17.000000	0.775620
18.000000	0.794641
19.000000	0.807114
20.000000	0.819234
21.000000	0.831353
22.000000	0.843483
23.000000	0.851573
24.000000	0.867736
25.000000	0.875827
26.000000	0.887837
27.000000	0.896052
28.000000	0.904176
29.000000	0.917461
30.000000	0.921546
31.000000	0.929683
32.000000	0.937825
33.000000	0.945337
34.000000	0.955330
35.000000	0.959473
36.000000	0.963583
37.000000	0.972977
38.000000	0.977107
39.000000	0.980548
40.000000	0.986493
41.000000	0.990646
42.000000	0.994792
43.000000	0.995854
44.000000	1.000029
45.000000	1.004208
46.000000	1.005164
47.000000	1.005324
48.000000	1.010195
49.000000	1.010218
50.000000	1.011603
51.000000	1.015149
52.000000	1.010963
53.000000	1.011515
54.000000	1.011544
55.000000	1.011954
56.000000	1.007730
57.000000	1.007292
58.000000	1.003734
59.000000	1.002130
60.000000	1.000321
61.000000	0.995920
62.000000	0.995223
63.000000	0.988614
64.000000	0.986385
65.000000	0.977757
66.000000	0.978280
67.000000	0.965530
68.000000	0.966377
69.000000	0.951819
70.000000	0.955385
71.000000	0.942260
72.000000	0.936887
73.000000	0.928114
74.000000	0.922625
75.000000	0.909331
76.000000	0.908000
77.000000	0.891497
78.000000	0.888792
79.000000	0.875480
80.000000	0.864893
81.000000	0.855995
82.000000	0.845210
83.000000	0.834260
84.000000	0.820823
85.000000	0.814170
86.000000	0.796194
87.000000	0.793870
88.000000	0.770674
89.000000	0.764320
90.000000	0.748690
91.000000	0.734529
92.000000	0.724261
93.000000	0.698591
94.000000	0.696998
95.000000	0.668320
96.000000	0.637338
97.000000	0.000000
98.000000	0.000000
99.000000	0.000000
100.000000	0.000000
101.000000	0.000000
102.000000	0.000000
103.000000	0.000000
104.000000	0.000000
105.000000	0.000000
106.000000	0.000000
107.000000	0.000000
108.000000	0.000000
109.000000	0.000000
110.000000	0.000000
111.000000	0.405763
112.000000	1.105120
113.000000	0.000000
114.000000	1.049409
115.000000	0.000000
116.000000	0.000000
117.000000	0.905637
118.000000	0.000000
119.000000	0.000000
120.000000	0.000000
121.000000	0.000000
122.000000	0.000000
123.000000	0.000000
124.000000	0.000000
125.000000	0.577795
126.000000	0.000000
127.000000	0.000000
128.000000	0.000000
129.000000	0.000000
130.000000	0.000000
131.000000	0.000000
132.000000	0.000000
133.000000	0.000000
134.000000	0.000000
135.000000	0.000000
136.000000	0.000000
137.000000	0.000000
138.000000	0.000000
139.000000	0.000000
140.000000	0.000000
141.000000	0.000000
142.000000	0.000000
143.000000	0.000000
144.000000	0.000000
145.000000	0.000000
146.000000	0.000000
147.000000	0.000000
148.000000	0.000000
149.000000	0.000000
150.000000	0.000000
151.000000	0.000000
152.000000	0.000000
153.000000	0.000000
154.000000	0.000000
155.000000	0.000000
156.000000	0.000000
157.000000	0.000000
158.000000	0.000000
159.000000	0.000000
160.000000	0.000000
161.000000	0.000000
162.000000	0.000000
163.000000	0.000000
164.000000	0.000000
165.000000	0.000000
166.000000	0.000000
167.000000	0.000000
168.000000	0.000000
169.000000	0.000000
170.000000	0.000000
171.000000	0.000000
172.000000	0.000000
173.000000	0.000000
174.000000	0.000000
175.000000	0.000000
176.000000	0.000000
177.000000	0.000000
178.000000	0.000000
179.000000	0.000000
180.000000	0.000000
181.000000	0.000000
182.000000	0.000000
183.000000	0.000000
184.000000	0.000000
185.000000	0.000000
186.000000	0.000000
187.000000	0.000000
188.000000	0.000000
189.000000	0.000000
190.000000	0.000000
191.000000	0.000000
192.000000	0.000000
193.000000	0.000000
194.000000	0.000000
195.000000	0.000000
196.000000	0.000000
197.000000	0.000000
198.000000	0.000000
199.000000	0.000000
200.000000	0.000000
201.000000	0.000000
202.000000	0.000000
203.000000	0.000000
204.000000	0.000000
205.000000	0.000000
206.000000	0.000000
207.000000	0.000000
208.000000	0.000000
209.000000	0.000000
210.000000	0.000000
211.000000	0.000000
212.000000	0.000000
213.000000	0.000000
214.000000	0.000000
215.000000	0.000000
216.000000	0.000000
217.000000	0.000000
218.000000	0.000000
219.000000	0.000000
220.000000	0.000000
221.000000	0.000000
222.000000	0.000000
223.000000	0.000000
224.000000	0.000000
225.000000	0.000000
226.000000	0.000000
227.000000	0.000000
228.000000	0.000000
229.000000	0.000000
230.000000	0.000000
231.000000	0.000000
232.000000	0.000000
233.000000	0.000000
234.000000	0.000000
235.000000	0.000000
236.000000	0.000000
237.000000	0.000000
238.000000	0.000000
239.000000	0.000000
240.000000	0.000000
241.000000	0.000000
242.000000	0.000000
243.000000	0.000000
244.000000	0.000000
245.000000	0.000000
246.000000	0.000000
247.000000	0.000000
248.000000	0.000000
249.000000	0.000000
250.000000	0.000000
251.000000	0.000000
252.000000	0.000000
253.000000	0.000000
254.000000	0.000000
255.000000	0.000000
256.000000	0.000000
257.000000	0.000000
258.000000	0.000000
259.000000	0.000000
260.000000	0.000000
261.000000	0.000000
262.000000	0.000000
263.000000	0.000000
264.000000	0.000000
265.000000	0.000000
266.000000	0.000000
267.000000	0.000000
268.000000	0.000000
269.000000	0.000000
270.000000	0.000000
271.000000	0.000000
272.000000	0.000000
273.000000	0.000000
274.000000	0.000000
275.000000	0.000000
276.000000	0.696964
277.000000	0.718224
278.000000	0.730499
279.000000	0.746739
280.000000	0.767046
281.000000	0.775616
282.000000	0.794656
283.000000	0.807110
284.000000	0.819234
285.000000	0.831353
286.000000	0.843483
287.000000	0.851573
288.000000	0.867739
289.000000	0.875831
290.000000	0.887848
291.000000	0.896052
292.000000	0.904173
293.000000	0.917457
294.000000	0.921542
295.000000	0.929683
296.000000	0.937825
297.000000	0.945341
298.000000	0.955337
299.000000	0.959477
300.000000	0.963583
301.000000	1.011713
302.000000	1.015241
303.000000	0.980573
304.000000	0.986497
305.000000	0.990649
306.000000	0.994795
307.000000	0.995858
308.000000	1.000029
309.000000	1.004204
310.000000	1.005161
311.000000	1.005318
312.000000	1.010195
313.000000	1.010221
314.000000	1.011606
315.000000	1.015152
316.000000	1.010966
317.000000	1.011515
318.000000	1.011541
319.000000	1.011951
320.000000	1.007727
321.000000	1.007292
322.000000	1.003737
323.000000	1.002133
324.000000	1.000271
325.000000	0.995922
326.000000	0.995223
327.000000	0.988612
328.000000	0.986382
329.000000	0.977754
330.000000	0.978080
331.000000	0.965532
332.000000	0.966379
333.000000	0.951821
334.000000	0.955387
335.000000	0.942260
336.000000	0.936887
337.000000	0.928112
338.000000	0.922615
339.000000	0.909329
340.000000	0.907999
341.000000	0.891499
342.000000	0.888794
343.000000	0.875481
344.000000	0.864895
345.000000	0.855995
346.000000	0.845210
347.000000	0.834260
348.000000	0.820821
349.000000	0.814168
350.000000	0.796192
351.000000	0.793868
352.000000	0.770674
353.000000	0.764321
354.000000	0.748709
355.000000	0.734531
356.000000	0.724261
357.000000	0.698443
358.000000	0.696996
359.000000	0.667625
360.000000	0.637217
361.000000	0.000000
362.000000	0.000000
363.000000	0.000000
364.000000	0.000000
365.000000	0.000000
366.000000	0.000000
367.000000	0.000000
368.000000	0.000000
369.000000	0.000000
370.000000	0.000000
371.000000	0.000000
372.000000	0.000000
373.000000	0.000000
374.000000	0.000000
375.000000	1.178719
376.000000	0.000000
377.000000	1.141876
378.000000	0.000000
379.000000	0.000000
380.000000	1.038619
381.000000	0.000000
382.000000	0.000000
383.000000	0.000000
384.000000	0.000000
385.000000	0.000000
386.000000	0.748526
387.000000	0.000000
388.000000	0.000000
389.000000	0.000000
390.000000	0.000000
391.000000	0.000000
392.000000	0.000000
393.000000	0.000000
394.000000	0.000000
395.000000	0.000000
396.000000	0.000000
397.000000	0.000000
398.000000	0.000000
399.000000	0.000000
400.000000	0.000000
401.000000	0.000000
402.000000	0.000000
403.000000	0.000000
404.000000	0.000000
405.000000	0.000000
406.000000	0.000000
407.000000	0.000000
408.000000	0.000000
409.000000	0.000000
410.000000	0.000000
411.000000	0.000000
412.000000	0.000000
413.000000	0.000000
414.000000	0.000000
415.000000	0.000000
416.000000	0.000000
417.000000	0.000000
418.000000	0.000000
419.000000	0.000000
420.000000	0.000000
421.000000	0.000000
422.000000	0.000000
423.000000	0.000000
424.000000	0.000000
425.000000	0.000000
426.000000	0.000000
427.000000	0.000000
428.000000	0.000000
429.000000	0.000000
430.000000	0.000000
431.000000	0.000000
432.000000	0.000000
433.000000	0.000000
434.000000	0.000000
435.000000	0.000000
436.000000	0.000000
437.000000	0.000000
438.000000	0.000000
439.000000	0.000000
440.000000	0.000000
441.000000	0.000000
442.000000	0.000000
443.000000	0.000000
444.000000	0.000000
445.000000	0.000000
446.000000	0.000000
447.000000	0.000000
448.000000	0.000000
449.000000	0.000000
450.000000	0.000000
451.000000	0.000000
452.000000	0.000000
453.000000	0.000000
454.000000	0.000000
455.000000	0.000000
456.000000	0.000000
457.000000	0.000000
458.000000	0.000000
459.000000	0.000000
460.000000	0.000000
461.000000	0.000000
462.000000	0.000000
463.000000	0.000000
464.000000	0.000000
465.000000	0.000000
466.000000	0.000000
467.000000	0.000000
468.000000	0.000000
469.000000	0.000000
470.000000	0.000000
471.000000	0.000000
472.000000	0.000000
473.000000	0.000000
474.000000	0.000000
475.000000	0.000000
476.000000	0.000000
477.000000	0.000000
478.000000	0.000000
479.000000	0.000000
480.000000	0.000000
481.000000	0.000000
482.000000	0.000000
483.000000	0.000000
484.000000	0.000000
485.000000	0.000000
486.000000	0.000000
487.000000	0.000000
488.000000	0.000000
489.000000	0.000000
490.000000	0.000000
491.000000	0.000000
492.000000	0.000000
493.000000	0.000000
494.000000	0.000000
495.000000	0.000000
496.000000	0.000000
497.000000	0.000000
498.000000	0.000000
499.000000	0.000000
500.000000	0.000000
501.000000	0.000000
502.000000	0.000000
503.000000	0.000000
504.000000	0.000000
505.000000	0.000000
506.000000	0.000000
507.000000	0.000000
508.000000	0.000000
509.000000	0.000000
510.000000	0.000000
511.000000	0.000000
512.000000	0.000000
513.000000	0.000000
514.000000	0.000000
515.000000	0.000000
516.000000	0.000000
517.000000	0.000000
518.000000	0.000000
519.000000	0.000000
520.000000	0.000000
521.000000	0.000000
522.000000	0.000000
523.000000	0.000000
524.000000	0.000000
525.000000	0.000000
526.000000	0.000000
527.000000	0.000000
528.000000	0.000000
529.000000	0.000000
530.000000	0.000000
531.000000	0.000000
532.000000	0.000000
533.000000	0.000000
534.000000	0.000000
535.000000	0.000000
536.000000	0.000000
537.000000	0.000000
538.000000	0.000000
539.000000	0.000000
540.000000	0.696964
541.000000	0.718224
542.000000	0.730495
543.000000	0.746736
544.000000	0.767042
545.000000	0.775616
546.000000	0.794671
547.000000	0.807114
548.000000	0.819237
549.000000	0.831354
550.000000	0.843483
551.000000	0.851573
552.000000	0.867736
553.000000	0.875827
554.000000	0.887846
555.000000	0.896048
556.000000	0.904176
557.000000	0.917461
558.000000	0.921546
559.000000	0.929685
560.000000	0.937825
561.000000	0.945337
562.000000	0.955334
563.000000	0.959473
564.000000	0.963579
565.000000	0.972978
566.000000	0.977108
567.000000	0.980610
568.000000	0.986497
569.000000	0.990646
570.000000	0.994792
571.000000	0.995854
572.000000	1.000029
573.000000	1.004208
574.000000	1.005164
575.000000	1.005312
576.000000	1.010195
577.000000	1.010221
578.000000	1.011603
579.000000	1.015149
580.000000	1.010963
581.000000	1.011515
582.000000	1.011544
583.000000	1.011954
584.000000	1.007730
585.000000	1.007292
586.000000	1.003737
587.000000	1.002130
588.000000	1.000204
589.000000	0.995920
590.000000	0.995223
591.000000	0.988614
592.000000	0.986385
593.000000	0.977757
594.000000	0.977883
595.000000	0.965532
596.000000	0.966377
597.000000	0.951818
598.000000	0.955385
599.000000	0.942260
600.000000	0.936887
601.000000	0.951116
602.000000	0.945119
603.000000	0.909329
604.000000	0.907999
605.000000	0.891497
606.000000	0.888792
607.000000	0.875480
608.000000	0.864893
609.000000	0.855995
610.000000	0.845212
611.000000	0.834261
612.000000	0.820823
613.000000	0.814168
614.000000	0.796192
615.000000	0.793868
616.000000	0.770674
617.000000	0.764320
618.000000	0.748727
619.000000	0.734530
620.000000	0.724261
621.000000	0.698717
622.000000	0.697001
623.000000	0.666950
624.000000	0.637256
625.000000	0.000000
626.000000	0.000000
627.000000	0.000000
628.000000	0.000000
629.000000	0.000000
630.000000	0.000000
631.000000	0.000000
632.000000	0.000000
633.000000	0.000000
634.000000	0.000000
635.000000	0.000000
636.000000	0.000000
637.000000	0.000000
638.000000	0.000000
639.000000	0.000000
640.000000	0.000000
641.000000	1.141875
642.000000	0.000000
643.000000	0.000000
644.000000	1.028335
645.000000	0.000000
646.000000	0.000000
647.000000	0.688777
648.000000	0.000000
649.000000	0.000000
650.000000	0.000000
651.000000	0.000000
652.000000	0.000000
653.000000	0.414551
654.000000	0.000000
655.000000	0.000000
656.000000	0.000000
657.000000	0.000000
658.000000	0.000000
659.000000	0.000000
660.000000	0.000000
661.000000	0.000000
662.000000	0.000000
663.000000	0.000000
664.000000	0.000000
665.000000	0.000000
666.000000	0.000000
667.000000	0.000000
668.000000	0.000000
669.000000	0.000000
670.000000	0.000000
671.000000	0.000000
672.000000	0.000000
673.000000	0.000000
674.000000	0.000000
675.000000	0.000000
676.000000	0.000000
677.000000	0.000000
678.000000	0.000000
679.000000	0.000000
680.000000	0.000000
681.000000	0.000000
682.000000	0.000000
683.000000	0.000000
684.000000	0.000000
685.000000	0.000000
686.000000	0.000000
687.000000	0.000000
688.000000	0.000000
689.000000	0.000000
690.000000	0.000000
691.000000	0.000000
692.000000	0.000000
693.000000	0.000000
694.000000	0.000000
695.000000	0.000000
696.000000	0.000000
697.000000	0.000000
698.000000	0.000000
699.000000	0.000000
700.000000	0.000000
701.000000	0.000000
702.000000	0.000000
703.000000	0.000000
704.000000	0.000000
705.000000	0.000000
706.000000	0.000000
707.000000	0.000000
708.000000	0.000000
709.000000	0.000000
710.000000	0.000000
711.000000	0.000000
712.000000	0.000000
713.000000	0.000000
714.000000	0.000000
715.000000	0.000000
716.000000	0.000000
717.000000	0.000000
718.000000	0.000000
719.000000	0.000000
720.000000	0.000000
721.000000	0.000000
722.000000	0.000000
723.000000	0.000000
724.000000	0.000000
725.000000	0.000000
726.000000	0.000000
727.000000	0.000000
728.000000	0.000000
729.000000	0.000000
730.000000	0.000000
731.000000	0.000000
732.000000	0.000000
733.000000	0.000000
734.000000	0.000000
735.000000	0.000000
736.000000	0.000000
737.000000	0.000000
738.000000	0.000000
739.000000	0.000000
740.000000	0.000000
741.000000	0.000000
742.000000	0.000000
743.000000	0.000000
744.000000	0.000000
745.000000	0.000000
746.000000	0.000000
747.000000	0.000000
748.000000	0.000000
749.000000	0.000000
750.000000	0.000000
751.000000	0.000000
752.000000	0.000000
753.000000	0.000000
754.000000	0.000000
755.000000	0.000000
756.000000	0.000000
757.000000	0.000000
758.000000	0.000000
759.000000	0.000000
760.000000	0.000000
761.000000	0.000000
762.000000	0.000000
763.000000	0.000000
764.000000	0.000000
765.000000	0.000000
766.000000	0.000000
767.000000	0.000000
768.000000	0.000000
769.000000	0.000000
770.000000	0.000000
771.000000	0.000000
772.000000	0.000000
773.000000	0.000000
774.000000	0.000000
775.000000	0.000000
776.000000	0.000000
777.000000	0.000000
778.000000	0.000000
779.000000	0.000000
780.000000	0.000000
781.000000	0.000000
782.000000	0.000000
783.000000	0.000000
784.000000	0.000000
785.000000	0.000000
786.000000	0.000000
787.000000	0.000000
788.000000	0.000000
789.000000	0.000000
790.000000	0.000000
791.000000	0.000000
792.000000	0.000000
793.000000	0.000000
794.000000	0.000000
795.000000	0.000000
796.000000	0.000000
797.000000	0.000000
798.000000	0.000000
799.000000	0.000000
800.000000	0.000000
801.000000	0.000000
802.000000	0.000000
803.000000	0.000000
804.000000	0.696967
805.000000	0.718228
806.000000	0.730496
807.000000	0.746736
808.000000	0.767042
809.000000	0.775616
810.000000	0.794677
811.000000	0.807110
812.000000	0.819234
813.000000	0.831354
814.000000	0.843487
815.000000	0.851577
816.000000	0.867739
817.000000	0.875827
818.000000	0.887849
819.000000	0.896048
820.000000	0.904173
821.000000	0.917457
822.000000	0.921542
823.000000	0.929687
824.000000	0.937829
825.000000	0.945341
826.000000	0.955339
827.000000	0.959473
828.000000	0.963579
829.000000	0.972974
830.000000	0.977104
831.000000	0.980631
832.000000	0.986497
833.000000	0.990649
834.000000	0.994796
835.000000	0.995858
836.000000	1.000029
837.000000	1.004204
838.000000	1.005161
839.000000	1.005306
840.000000	1.010192
841.000000	1.010221
842.000000	1.011606
843.000000	1.015152
844.000000	1.010966
845.000000	1.011515
846.000000	1.011541
847.000000	1.011951
848.000000	1.007727
849.000000	1.007289
850.000000	1.003737
851.000000	1.002133
852.000000	1.000153
853.000000	0.995922
854.000000	0.995223
855.000000	0.988612
856.000000	0.986382
857.000000	0.977754
858.000000	0.977685
859.000000	0.965532
860.000000	0.966379
861.000000	0.951821
862.000000	0.955387
863.000000	0.942263
864.000000	0.936887
865.000000	0.928112
866.000000	0.922587
867.000000	0.909329
868.000000	0.907999
869.000000	0.891497
870.000000	0.888794
871.000000	0.875481
872.000000	0.864895
873.000000	0.855997
874.000000	0.845210
875.000000	0.834260
876.000000	0.820821
877.000000	0.814168
878.000000	0.796192
879.000000	0.793868
880.000000	0.770674
881.000000	0.764321
882.000000	0.748737
883.000000	0.734531
884.000000	0.724262
885.000000	0.698728
886.000000	0.696996
887.000000	0.666947
888.000000	0.626467
889.000000	0.000000
890.000000	0.000000
891.000000	0.000000
892.000000	0.000000
893.000000	0.000000
894.000000	0.000000
895.000000	0.000000
896.000000	0.000000
897.000000	0.000000
898.000000	0.000000
899.000000	0.000000
900.000000	0.000000
901.000000	0.000000
902.000000	0.000000
903.000000	0.000000
904.000000	0.000000
905.000000	1.141873
906.000000	0.000000
907.000000	0.000000
908.000000	1.019204
909.000000	0.000000
910.000000	0.727921
911.000000	0.143560
912.000000	0.000000
913.000000	0.000000
914.000000	0.000000
915.000000	0.000000
916.000000	0.000000
917.000000	0.000000
918.000000	0.000000
919.000000	0.000000
920.000000	0.000000
921.000000	0.000000
922.000000	0.000000
923.000000	0.000000
924.000000	0.000000
925.000000	0.000000
926.000000	0.000000
927.000000	0.000000
928.000000	0.000000
929.000000	0.000000
930.000000	0.000000
931.000000	0.000000
932.000000	0.000000
933.000000	0.000000
934.000000	0.000000
935.000000	0.000000
936.000000	0.000000
937.000000	0.000000
938.000000	0.000000
939.000000	0.000000
940.000000	0.000000
941.000000	0.000000
942.000000	0.000000
943.000000	0.000000
944.000000	0.000000
945.000000	0.000000
946.000000	0.000000
947.000000	0.000000
948.000000	0.000000
949.000000	0.000000
950.000000	0.000000
951.000000	0.000000
952.000000	0.000000
953.000000	0.000000
954.000000	0.000000
955.000000	0.000000
956.000000	0.000000
957.000000	0.000000
958.000000	0.000000
959.000000	0.000000
960.000000	0.000000
961.000000	0.000000
962.000000	0.000000
963.000000	0.000000
964.000000	0.000000
965.000000	0.000000
966.000000	0.000000
967.000000	0.000000
968.000000	0.000000
969.000000	0.000000
970.000000	0.000000
971.000000	0.000000
972.000000	0.000000
973.000000	0.000000
974.000000	0.000000
975.000000	0.000000
976.000000	0.000000
977.000000	0.000000
978.000000	0.000000
979.000000	0.000000
980.000000	0.000000
981.000000	0.000000
982.000000	0.000000
983.000000	0.000000
984.000000	0.000000
985.000000	0.000000
986.000000	0.000000
987.000000	0.000000
988.000000	0.000000
989.000000	0.000000
990.000000	0.000000
991.000000	0.000000
992.000000	0.000000
993.000000	0.000000
994.000000	0.000000
995.000000	0.000000
996.000000	0.000000
997.000000	0.000000
998.000000	0.000000
999.000000	0.000000
