A0001	113.9808368	22.56614225	66	0
A0002	113.9405252	22.68620526	65.5	0
A0003	113.957198	22.57651183	65.5	1
A0004	114.2445711	22.56484081	75	0
A0005	113.9507227	22.55888775	65.5	0
A0006	114.2413174	22.55899906	75	0
A0007	113.9722597	22.54900371	65.5	1
A0008	113.9565735	22.56277351	65.5	0
A0009	113.8956606	22.50001192	66	0
A0010	113.9239778	22.5437861	66	1
A0011	113.9308596	22.52486369	65.5	0
A0012	113.9358436	22.519087	65.5	0
A0013	113.977909	22.54797243	65.5	1
A0014	113.9314284	22.50616871	66	1
A0015	113.9365145	22.49962566	66	1
A0016	113.9236456	22.54032142	66	1
A0017	113.9247319	22.52455419	65.5	1
A0018	113.8984817	22.4981901	66	0
A0019	113.9749684	22.54603946	65.5	1
A0020	113.9373377	22.49772892	66	1
A0021	113.927139	22.49416247	66	1
A0022	113.9356769	22.51592012	65	1
A0023	113.9420557	22.51578568	65.5	0
A0024	114.0196493	22.54220963	66.5	0
A0025	113.9986601	22.54458961	67.5	0
A0026	113.9358391	22.49308313	66	1
A0027	113.9191429	22.52488949	65.5	1
A0028	113.9453119	22.54808582	66.5	1
A0029	113.9820093	22.56470734	66	0
A0030	114.1563953	22.58193448	68	0
A0031	114.1314072	22.54293611	67	0
A0032	113.9434416	22.52394954	65.5	0
A0033	113.9567446	22.55101305	65.5	1
A0034	114.1471227	22.5829933	66	1
A0035	114.1317447	22.54927013	66.5	0
A0036	113.9353993	22.52596134	65.5	1
A0037	114.0421356	22.7563793	70	0
A0038	114.4227421	22.64144071	75	0
A0039	114.0728836	22.71166007	66.5	0
A0040	114.1241536	22.60649323	66	0
A0041	114.0729969	22.66229971	65	0
A0042	114.2263772	22.63539828	66.5	1
A0043	114.264097	22.73802844	67	0
A0044	114.1549664	22.62558348	69	0
A0045	114.0272292	22.65265496	66	0
A0046	113.8966327	22.78892197	66	0
A0047	114.2442921	22.70103564	67	0
A0048	114.1214928	22.63154051	67	0
A0049	114.195533	22.6417148	68.5	0
A0050	114.3454188	22.68940336	70	0
A0051	114.0638327	22.63010042	66.5	0
A0052	114.0717177	22.66391673	65.5	0
A0053	114.378843	22.750664	70	0
A0054	114.0738016	22.72272561	67	0
A0055	114.2299818	22.64138032	67	0
A0056	114.3095878	22.77640754	73	0
A0057	113.9057614	22.58706534	66	0
A0058	114.1474874	22.69339571	69	0
A0059	114.0586138	22.6040497	66	0
A0060	114.0679162	22.6376364	65.5	0
A0061	114.0747723	22.65788521	65.5	0
A0062	114.1572608	22.61781817	67.5	0
A0063	114.4227421	22.64144071	75	0
A0064	114.3008065	22.78139876	73	0
A0065	114.2777156	22.72294122	67	0
A0066	114.2209333	22.67470711	67	0
A0067	114.0263974	22.66283814	65	0
A0068	114.0794934	22.65776972	65.5	0
A0069	114.2100928	22.65691327	66	0
A0070	113.8184493	22.73859039	66.5	0
A0071	114.322257	22.71636331	70	0
A0072	114.0466386	22.52331401	66.5	0
A0073	114.2124549	22.65301422	66	0
A0074	114.0831342	22.5331754	66.5	0
A0075	114.130363	22.59955905	66.5	0
A0076	113.9366241	22.65027837	68.5	0
A0077	114.2858901	22.73782038	65.5	1
A0078	113.8184493	22.73859039	66.5	1
A0079	113.9950401	22.74300109	71	0
A0080	114.0448196	22.63495417	66	0
A0081	114.0262399	22.75139338	70	1
A0082	114.1524159	22.61556463	67	0
A0083	114.000085	22.68447006	66	0
A0084	114.0200019	22.6651428	65.5	0
A0085	113.8170784	22.69331552	66	0
A0086	113.8513612	22.75600203	66.5	0
A0087	113.8312919	22.73335619	66	0
A0088	113.9170043	22.7778578	70	0
A0089	113.8079954	22.70597175	66.5	0
A0090	113.9726899	22.70466497	70	0
A0091	114.0535937	22.65204961	65.5	0
A0092	114.0616196	22.72133411	67	0
A0093	113.8347861	22.68008861	70	0
A0094	113.8160543	22.70874974	66	0
A0095	113.8685312	22.60766979	65.5	0
A0096	114.0613819	22.72710367	67	1
A0097	113.8329385	22.67955589	65.5	0
A0098	113.822362	22.67509773	65.5	0
A0099	113.8312919	22.73335619	66	0
A0100	114.0380587	22.61177508	66	0
A0101	114.0666477	22.73006657	66.5	0
A0102	113.9299125	22.65235376	70	0
A0103	114.0652375	22.71365257	66	0
A0104	113.8900779	22.56073431	70	1
A0105	113.8257052	22.67343353	65	0
A0106	114.1259102	22.59155498	67.5	0
A0107	113.9235611	22.670522	70	0
A0108	113.8449026	22.70038707	66	0
A0109	113.9068948	22.56350361	65.5	1
A0110	113.9300131	22.70743279	68.5	0
A0111	113.8513604	22.6335575	70.5	0
A0112	113.8961664	22.56419251	65.5	0
A0113	114.0384117	22.66919267	66.5	0
A0114	113.8550628	22.59628077	66.5	0
A0115	113.8115675	22.68518823	67	0
A0116	114.0967766	22.70700814	66	0
A0117	114.068783	22.730349	67	0
A0118	113.8698943	22.607611	65.5	0
A0119	113.913275	22.58488076	66	1
A0120	113.894563	22.5609901	65.5	0
A0121	114.280464	22.73565178	65	1
A0122	113.8880166	22.58194314	66.5	1
A0123	113.9071834	22.58297289	65.5	1
A0124	113.9191104	22.54138954	66	1
A0125	113.8551161	22.77040177	66	0
A0126	113.6651728	23.16769035	75	1
A0127	113.3875901	23.16549805	65.5	1
A0128	113.3387113	23.159336	65.5	0
A0129	113.4199598	23.16878915	66.5	1
A0130	113.3506186	23.12849295	65	0
A0131	113.4162609	23.13070225	65.5	0
A0132	113.3894867	23.13822079	65	0
A0133	113.5974857	23.18611685	75	1
A0134	113.411547	23.12401896	65	0
A0135	113.3728361	23.1381659	65.5	1
A0136	113.406847	23.19967301	68.5	0
A0137	113.3611249	23.12248087	65.5	0
A0138	113.374909	23.20013915	65.5	0
A0139	113.5484367	23.10125022	68	0
A0140	113.5614453	23.12486646	69	0
A0141	113.4928846	23.10871181	66.5	0
A0142	113.4081151	23.12431564	65	0
A0143	113.3379544	23.16751438	66	0
A0144	113.390008	23.13544204	65	0
A0145	113.3315495	23.13680577	65	0
A0146	113.4204891	23.11593032	66	0
A0147	113.3433346	23.16189407	66	0
A0148	113.4534484	23.10979739	66	0
A0149	113.4534812	23.10975809	66	0
A0150	113.4492017	23.19090473	73	1
A0151	113.4928846	23.10871181	66.5	1
A0152	113.4849635	23.09982822	65.5	0
A0153	113.429745	23.07978943	70.5	1
A0154	113.5442171	23.11810119	67	1
A0155	113.4928846	23.10871181	66.5	1
A0156	113.4872412	23.10112473	65.5	0
A0157	113.5152914	23.14872294	73.5	0
A0158	113.2892933	23.0479764	69	0
A0159	113.2782409	23.11114068	66	0
A0160	113.4167995	22.9345908	70	0
A0161	113.3475114	23.39690863	75	0
A0162	113.5316771	23.09138071	70	0
A0163	113.3005692	23.21565299	66	0
A0164	113.4427752	22.96099325	66.5	0
A0165	113.2563331	23.21280913	65.5	0
A0166	113.3313063	23.29451408	69	0
A0167	113.2042653	23.23745771	70	0
A0168	113.3603993	23.37184576	74.5	0
A0169	113.410599	23.38627895	74	0
A0170	113.3199932	23.25778406	65.5	0
A0171	113.2042061	23.08029132	67.5	0
A0172	113.2563331	23.21280913	65.5	0
A0173	113.2640936	23.25231339	66.5	0
A0174	113.2736317	23.26171206	65.5	0
A0175	113.248218	23.19657146	65	0
A0176	113.2234607	23.23376317	67.5	0
A0177	113.8575896	22.60495971	66	0
A0178	113.5835226	22.75034263	70	1
A0179	113.2185961	23.11295796	67	1
A0180	113.275758	23.13175901	65	0
A0181	113.2885119	23.1404539	65.5	1
A0182	113.4224455	23.12882385	65.5	0
A0183	113.3728361	23.1381659	65.5	1
A0184	113.3037146	23.13534304	65	0
A0185	113.2937609	23.14416119	65.5	1
A0186	113.3087933	23.13508872	65	0
A0187	113.3502696	23.12912268	65.5	0
A0188	113.3507531	23.13559919	65.5	0
A0189	113.4634086	22.89140037	69.5	1
A0190	113.3398257	23.1324472	65.5	1
A0191	113.3913207	23.13782219	65	0
A0192	113.3341858	23.13708468	65	0
A0193	113.3471287	23.19965405	65.5	0
A0194	113.418328	23.16281868	66	1
A0195	113.3362425	23.16213347	65.5	0
A0196	113.3590439	23.17452179	66.5	0
A0197	113.373441	23.13963001	65	0
A0198	113.5128066	22.82926076	75	1
A0199	113.5634849	22.77403434	74.5	1
A0200	113.5670518	22.76096874	75	1
A0201	113.2597245	23.06873266	67	1
A0202	113.2148083	23.38043854	70	1
A0203	113.259826	23.06832244	67	0
A0204	113.5538411	22.80661724	66.5	1
A0205	113.5540935	22.80808312	66.5	1
A0206	113.5521662	22.8075467	70	1
A0207	113.5823006	22.75155653	70	1
A0208	113.49332	22.73722496	75	1
A0209	113.5830112	22.75149396	70	1
A0210	113.4928846	23.10871181	67	1
A0211	113.225977	23.14381101	66	0
A0212	113.1865032	23.45231332	70	0
A0213	113.287509	23.33873201	68	1
A0214	113.159492	23.46633279	70	0
A0215	113.2258303	23.14217367	66	0
A0216	113.1788848	23.37477577	70.5	1
A0217	113.1623173	23.4707977	70	0
A0218	113.2511805	23.13697262	66	1
A0219	113.2818311	23.45673194	70.5	1
A0220	113.2168771	23.39286447	65	1
A0221	113.1906655	23.45948327	70	0
A0222	113.5528912	22.71023017	75	1
A0223	113.1568477	23.46689744	70	0
A0224	113.2214471	23.39484028	70	0
A0225	113.1110649	23.33887144	75	1
A0226	113.2286618	23.4739307	75	0
A0227	113.2559812	23.4153625	70	1
A0228	113.2148232	23.39620146	65.5	1
A0229	113.2185644	23.40499354	70	1
A0230	113.2882907	23.07562227	66	1
A0231	113.2076071	23.37243417	70	1
A0232	113.2080568	23.42583117	70	1
A0233	113.2515307	23.39841078	70	1
A0234	113.2094492	23.38959437	70	1
A0235	113.2090908	23.40380215	70	1
A0236	113.2092329	23.39508831	70	1
A0237	113.239735	23.09692801	66	1
A0238	113.2127554	23.40841281	70	1
A0239	113.3378758	23.09187146	65	1
A0240	113.2214471	23.39484028	70	0
A0241	113.340586	23.09537864	65.5	0
A0242	113.1696376	23.40649056	71.5	1
A0243	113.2726541	23.10022614	65.5	0
A0244	113.2681623	23.11405394	66	0
A0245	113.2057436	23.42604026	70	1
A0246	113.3619952	23.09144379	66.5	0
A0247	113.3232631	23.07250678	66	1
A0248	113.3145001	23.09874703	65	0
A0249	113.3618211	23.09223544	66.5	0
A0250	113.3092172	23.09225763	65.5	1
A0251	113.3563529	23.07813828	66.5	0
A0252	113.3573906	23.07207495	67	0
A0253	113.3324673	23.08686269	65	1
A0254	113.2792664	23.09349108	65.5	1
A0255	113.3283798	23.08887865	65	1
A0256	113.3432045	23.08690863	65.5	1
A0257	113.3338413	23.08762923	65	1
A0258	113.3226199	23.06884733	66.5	1
A0259	113.3995947	23.01403653	68	1
A0260	113.3399863	23.08308279	65.5	1
A0261	113.2892933	23.0479764	69	0
A0262	113.333797	23.09231582	65	1
A0263	113.3643577	22.94104074	65	1
A0264	113.321481	23.09607127	65.5	1
A0265	113.3252713	23.01919557	65.5	1
A0266	113.4191078	22.8145924	75	0
A0267	113.4186506	22.96639568	67	1
A0268	113.4167995	22.9345908	70	1
A0269	113.4052447	22.99106044	70.5	1
A0270	113.4420382	22.96178714	66	1
A0271	113.4614475	22.88992793	72	1
A0272	113.3574494	23.02170016	68	1
A0273	113.4141599	22.8100654	75	0
A0274	113.3201755	23.00743132	67	1
A0275	113.3712035	22.94194927	65.5	0
A0276	113.4044932	22.94428352	65	1
A0277	113.3565805	22.96481939	66.5	1
A0278	113.4167995	22.9345908	70	1
A0279	113.3222749	22.98035071	66	1
A0280	113.4238473	22.95705294	67	1
A0281	113.4081296	22.96859452	65.5	1
A0282	113.3451482	22.95454492	66.5	1
A0283	113.3754902	22.92265134	68	1
A0284	113.3604421	22.94228167	65	1
A0285	113.3659058	22.95321398	65.5	0
A0286	113.3680492	22.95435755	65.5	1
A0287	113.4044377	22.9677616	65.5	1
A0288	113.358418	22.95410901	65.5	0
A0289	113.360734	22.94001202	65	0
A0290	113.2699138	23.05399472	69	1
A0291	113.3606862	22.94289179	65	0
A0292	113.5988663	23.55528066	70	1
A0293	113.4033092	22.94548161	65	1
A0294	113.3827743	22.96950879	67.5	1
A0295	113.5803848	23.56341133	70	1
A0296	113.4313956	23.62547628	70	1
A0297	113.5397114	23.87839806	70	1
A0298	113.739427	23.72311773	75	1
A0299	113.6018782	23.56038693	70	1
A0300	113.5926833	23.54435986	70	1
A0301	113.5926934	23.54456994	70	1
A0302	113.5963006	23.55079636	70	1
A0303	113.9579294	23.81610767	75	1
A0304	113.5927756	23.54966086	70	1
A0305	113.2643764	23.23158622	66.5	1
A0306	113.594664	23.55654335	70	1
A0307	113.602251	23.55090902	70	1
A0308	113.2845092	23.45165523	70	1
A0309	113.2830531	23.21417689	65.5	1
A0310	113.301253	23.34332347	66.5	1
A0311	113.5895144	23.55840651	70	1
A0312	113.3111972	23.24103979	65.5	1
A0313	113.2829081	23.17268536	67.5	0
A0314	113.2579074	23.17916744	65.5	0
A0315	113.274368	23.22905901	66	1
A0316	113.2594586	23.19914624	65.5	0
A0317	113.2848136	23.21375407	65.5	1
A0318	113.3157819	23.25396062	65.5	1
A0319	113.250264	23.21385224	65.5	1
A0320	113.2862596	23.21696173	65	1
A0321	113.3313063	23.29451408	69	1
A0322	113.2770715	23.24188766	66	0
A0323	113.3111664	23.24225952	65.5	1
A0324	113.2334603	23.18365032	65	1
A0325	113.2387753	23.19907045	65.5	0
A0326	113.2837807	23.23709476	65.5	1
A0327	113.3366981	23.18718813	66	0
A0328	113.249282	23.22035048	66	0
A0329	113.2333725	23.21844312	65	1
A0330	113.2649338	23.21277909	65.5	1
A0331	113.3098073	23.22783298	65.5	0
A0332	113.2461178	23.17801596	65	1
A0333	113.2826379	23.22050464	65.5	1
A0334	113.2363258	23.18623308	65	1
A0335	113.3313063	23.29451408	69	1
A0336	113.2276926	23.15898957	65.5	1
A0337	113.281015	23.21394862	65.5	1
A0338	113.2482347	23.17886838	65	1
A0339	113.2323053	23.21872162	65	1
A0340	113.2368675	23.21794012	65.5	1
A0341	113.3313063	23.29451408	69	1
A0342	113.2643764	23.23158622	66.5	1
A0343	113.283057	23.23159701	65.5	0
A0344	113.2396818	23.15334517	66	1
A0345	113.2644744	23.21271064	65.5	1
A0346	113.2360855	23.22137104	65.5	1
A0347	113.3224149	23.17281527	66	0
A0348	113.3358956	23.20636522	65.5	0
A0349	113.279566	23.23637165	65.5	1
A0350	113.2410703	23.19538681	65	0
A0351	113.3095973	23.22620876	65.5	0
A0352	113.2297309	23.1570952	65.5	1
A0353	113.2676472	23.161857	65.5	0
A0354	113.2549363	23.15645038	66.5	0
A0355	114.0675793	22.63899906	65.5	0
A0356	113.9195281	22.51924352	65.5	1
A0357	113.8735894	22.67057736	72.5	0
A0358	113.9729021	22.58781321	66.5	0
A0359	114.1188134	22.57204653	66	0
A0360	113.9591486	22.58243264	65.5	0
A0361	113.8347861	22.68008861	65.5	0
A0362	113.9893556	22.5635259	66	0
A0363	113.3974048	23.01217957	68	0
A0364	113.9459597	22.6873087	65	0
A0365	113.23556	23.2177189	65.5	0
A0366	113.3010978	23.27373214	66	0
A0367	113.3621418	23.30080982	65.5	0
A0368	113.2781659	23.26172271	65.5	0
A0369	114.0259737	22.54605355	66.5	0
A0370	113.2254512	23.14311721	66	0
A0371	113.3621215	23.3004295	65.5	0
A0372	113.334818	23.19924759	65.5	0
A0373	113.6581524	23.09705081	68	1
A0374	113.6604402	23.12928955	75	1
A0375	114.0719117	22.64153534	65.5	0
A0376	113.3157936	23.03098143	65	1
A0377	113.3212453	22.97984508	66	1
A0378	113.2749836	23.13206675	65	0
A0379	113.2752038	23.12974908	65	1
A0380	113.4455898	22.96267859	66	1
A0381	113.3011622	23.12858004	65.5	1
A0382	113.3005	23.14246797	65	0
A0383	113.3497966	23.18246071	66	0
A0384	113.5933558	22.77665396	75	1
A0385	113.6129849	22.64946304	75	1
A0386	113.3274613	23.13891176	65	0
A0387	113.3298085	23.12382897	65.5	1
A0388	113.5539168	22.80839337	72	1
A0389	113.2937609	23.14416119	65.5	1
A0390	113.5218711	22.82771435	74	1
A0391	113.3048107	23.13562043	65	0
A0392	113.2581662	23.12742643	65	1
A0393	113.2201755	23.446661	75	1
A0394	113.2757904	23.08068204	66	1
A0395	113.163008	23.47430929	75	0
A0396	113.253472	23.12011401	65.5	1
A0397	113.3286502	23.44184274	72	1
A0398	113.2569259	23.37803295	75	1
A0399	113.3300279	23.4422023	72	0
A0400	113.2398514	23.40329889	75	1
A0401	113.4254505	23.43115969	75	1
A0402	113.3145988	23.03030049	65	1
A0403	113.3293635	22.97479086	66	1
A0404	113.3953229	23.01335039	68	1
A0405	113.4614475	22.88992793	72	1
A0406	113.3450767	22.84224477	73	1
A0407	113.1728925	23.46444973	75	0
A0408	113.3178615	23.02768375	65	1
A0409	113.4972296	22.97556192	75	1
A0410	113.3498966	22.83996892	73.5	0
A0411	113.3507636	22.91229115	75	1
A0412	113.3208977	23.02749214	65	1
A0413	113.360999	22.9505863	65.5	1
A0414	113.3354088	22.97284334	65.5	1
A0415	113.4427752	22.96099325	72	1
A0416	113.4063597	22.96283395	65.5	1
A0417	113.4063406	22.95377413	65.5	1
A0418	113.5979552	23.54196985	75	1
A0419	113.4065271	22.94294137	65	1
A0420	113.4096635	22.89445321	70	1
A0421	113.3314991	23.01619601	65.5	1
A0422	113.2149279	23.15655948	66.5	1
A0423	113.3756996	22.9564903	65.5	1
A0424	113.5951132	23.55366671	75	1
A0425	113.3629421	23.29881375	65.5	1
A0426	113.4983044	23.45457434	80	1
A0427	113.2923559	23.2516148	66	1
A0428	113.2376396	23.28119075	75	1
A0429	113.5953837	23.5532428	75	1
A0430	113.2999763	23.25840064	66	1
A0431	113.5953328	23.55380843	75	1
A0432	113.2643515	23.20717633	65	1
A0433	113.2826379	23.22050464	65.5	1
A0434	113.273664	23.21772876	65.5	1
A0435	113.1869153	23.45803366	75	0
A0436	113.2134638	23.3754398	75	0
A0437	113.1908172	23.47484287	75	0
A0438	113.1700943	23.47290189	75	0
A0439	113.1611801	23.46841629	75	0
A0440	113.9892211	22.52619876	69.5	0
A0441	114.1160913	22.55528126	67	0
A0442	114.2445007	22.72286461	69	0
A0443	114.1781275	22.56778253	73	0
A0444	113.9907634	22.56382444	66.5	0
A0445	114.1233026	22.6315777	72	1
A0446	113.9462038	22.68155741	72	0
A0447	114.1111563	22.54700517	66.5	0
A0448	114.0502177	22.54938063	67	0
A0449	114.0317449	22.5342988	66	0
A0450	114.4936096	22.57872798	85	0
A0451	114.043872	22.64040872	66	0
A0452	113.8315273	22.73383221	65.5	0
A0453	113.9004089	22.78567173	65.5	0
A0454	113.853852	22.77248305	66	0
A0455	113.7890795	22.74040934	72	0
A0456	114.0272899	22.6614933	65	0
A0457	113.159492	23.46633279	72	0
A0458	113.8879268	22.58197746	66.5	0
A0459	113.5628515	22.805179	72	0
A0460	114.1403154	22.70528903	85	0
A0461	113.3331534	23.19096422	65.5	1
A0462	113.9434416	22.52394954	65.5	1
A0463	113.3057915	23.09785202	65	0
A0464	114.0539088	22.52712849	65.5	0
A0465	114.1049551	22.54660305	67	0
A0466	114.1449386	22.57517644	67	0
A0467	113.9001112	22.5684784	65.5	0
A0468	114.0658681	22.5382642	80	0
A0469	113.3288103	23.13875611	65	0
A0470	113.6011789	23.14339098	75	1
A0471	113.2890606	23.12003249	80	0
A0472	113.3037677	23.13542532	65	0
A0473	113.2431433	23.16432044	66	1
A0474	113.4120539	23.12585311	65	1
A0475	113.3323389	23.1260612	65.5	1
A0476	113.3319798	23.15263157	65	1
A0477	113.4111868	23.128422	80	0
A0478	113.2716284	23.18845597	80	0
A0479	113.3934216	22.94295695	66	1
A0480	113.2664068	23.09450111	66.5	1
A0481	113.2703134	23.19676966	80	1
A0482	113.1243661	23.00569584	65.5	0
A0483	113.7884342	23.04490751	65.5	1
A0484	113.12013	23.03272552	65.5	0
A0485	113.1241309	23.00621128	65.5	0
A0486	113.7516813	22.77759139	70	1
A0487	114.1790518	22.72103752	70.5	1
A0488	114.1729882	22.81230491	72	1
A0489	113.7618106	22.801073	66.5	1
A0490	113.1207972	23.03122319	65.5	0
A0491	113.871321	23.05595171	70.5	1
A0492	113.6433026	22.91692471	71.5	1
A0493	114.1275908	22.87739958	70	1
A0494	113.7971486	23.06483206	66.5	1
A0495	113.6817199	23.01025416	69	1
A0496	113.6626383	23.06159876	67.5	1
A0497	113.7119223	23.0416214	68.5	1
A0498	113.6936712	23.08542731	70	1
A0499	114.1534998	22.85522568	70	1
A0500	113.8238665	22.80544018	67.5	1
A0501	113.7424637	22.82232789	70	1
A0502	114.1669061	22.85094098	70	1
A0503	114.1708909	22.85030931	70	1
A0504	113.7076519	23.00567603	70	1
A0505	113.826673	23.06209254	68	1
A0506	113.6454694	22.84478414	69.5	1
A0507	113.6315449	22.85171477	67.5	1
A0508	113.8539976	22.86139706	72.5	1
A0509	113.8037291	22.81963599	65	1
A0510	114.1565339	22.79566135	70	1
A0511	113.7907865	22.80567514	67	1
A0512	113.6154402	23.00064852	67	1
A0513	113.7638949	22.78249643	66	1
A0514	113.0474105	22.95998261	72.5	1
A0515	113.6858529	23.01478583	68.5	1
A0516	113.7672628	22.78139716	66	1
A0517	113.8429711	23.05170834	69.5	1
A0518	113.7725018	22.99142805	67.5	1
A0519	113.7987384	23.07829135	69	1
A0520	113.7987584	23.06286454	66.5	1
A0521	113.7700911	23.0553869	65.5	1
A0522	114.0627615	22.80016347	70	1
A0523	113.5499061	23.04845541	75	1
A0524	113.8090357	22.82104527	65	1
A0525	113.7978335	22.7958979	68	1
A0526	113.7374003	23.06060865	66.5	1
A0527	113.8233686	23.01783954	69	1
A0528	113.8147964	23.05828484	67	1
A0529	113.8966138	22.96936454	69.5	1
A0530	113.7680676	23.01465206	65.5	1
A0531	113.8000233	22.99522565	71	1
A0532	113.8321688	23.05866525	68	1
A0533	113.725147	22.98744806	68	1
A0534	113.7323716	22.99313225	67	1
A0535	113.8045789	23.02871297	66	1
A0536	113.7345883	22.97417485	67.5	1
A0537	113.6767951	22.94132785	66	1
A0538	113.2557574	22.84339687	66	0
A0539	113.8102199	23.06167985	67	1
A0540	112.8994031	23.17934885	70	1
A0541	113.0688513	23.17455266	75	1
A0542	112.8784023	23.17677756	70	1
A0543	112.9073857	23.16943397	70	1
A0544	113.0247518	23.2615299	75	1
A0545	112.8938126	23.16865186	70	1
A0546	112.9148997	23.16321812	70	1
A0547	112.8445408	23.07057951	75	1
A0548	112.9019826	22.90422292	75	1
A0549	113.2034172	23.0386685	70	1
A0550	113.1713931	23.20300498	69.5	1
A0551	112.9060636	23.17018893	70	1
A0552	113.2265578	22.87794292	70.5	1
A0553	113.2051584	23.18828575	68	1
A0554	113.1774208	23.1176526	66.5	1
A0555	113.1104485	23.14659839	67.5	1
A0556	113.1914852	23.12232763	67	1
A0557	112.902416	23.16730584	70	1
A0558	113.1991211	23.10435408	66.5	1
A0559	113.0927552	23.18585718	75	1
A0560	113.1421953	23.06677042	66.5	1
A0561	112.9214509	23.04403683	71.5	1
A0562	113.0000318	22.83661574	73	1
A0563	113.008964	23.00707365	73.5	1
A0564	112.9712874	22.95343786	75	1
A0565	113.0413813	23.07826539	70	1
A0566	113.0152889	23.11360001	73.5	1
A0567	113.2034172	23.0386685	70	1
A0568	113.156189	23.0695963	66	1
A0569	112.8923366	22.90311313	73	1
A0570	113.1355791	23.06369651	66.5	1
A0571	112.8841425	22.91055956	75	1
A0572	113.1704547	23.03863041	66.5	1
A0573	113.1321153	23.06573343	66.5	1
A0574	112.9049408	23.15666359	70	1
A0575	113.0576611	23.07059532	66	0
A0576	113.0896832	23.0723988	67.5	1
A0577	113.1563516	23.03791217	65.5	1
A0578	112.8883289	22.89624538	73.5	1
A0579	113.3075287	23.33555566	67.5	1
A0580	113.0896832	23.0723988	67.5	1
A0581	112.9707635	23.06817647	72.5	1
A0582	113.1470411	23.04372806	66	1
A0583	113.154622	23.03964619	65.5	1
A0584	113.0170859	22.98796007	70	1
A0585	113.041882	23.0968614	73	1
A0586	113.1651816	23.01479481	68	1
A0587	112.6832583	22.82452268	75	1
A0588	113.1373402	23.04112492	65.5	0
A0589	113.1080614	23.00022308	67	0
A0590	112.8850012	22.90119911	73	1
A0591	113.1290287	23.00675916	65	1
A0592	113.0880386	23.03480604	66	1
A0593	113.0901446	23.03489605	66	0
A0594	112.9707899	23.00573639	75	0
A0595	113.072597	23.03905705	66	0
A0596	113.0626781	22.94081692	72.5	0
A0597	113.1115737	23.0407653	65	0
A0598	113.1073721	23.0387396	65.5	0
A0599	113.0704232	23.00421017	66.5	0
A0600	113.0718864	23.0488615	66	0
A0601	113.0640067	23.03429331	66	0
A0602	113.121425	23.03041581	65.5	0
A0603	113.1393148	23.0208495	66	0
A0604	113.0723102	22.9908325	68	0
A0605	113.1403491	23.02630556	66	0
A0606	113.1056167	23.04334065	65.5	0
A0607	113.0576595	23.02991483	66	0
A0608	113.1202326	23.01281035	66	0
A0609	113.1210046	23.04516433	65.5	0
A0610	113.0651869	23.0024026	67	0
A0611	113.1298659	23.03004352	65.5	0
A0612	113.6760975	22.91452474	70	1
A0613	114.1539907	22.85615682	70	1
A0614	113.0925428	23.009444	66	0
A0615	114.0020847	22.97994563	67	1
A0616	113.1462973	23.0103936	66	0
A0617	113.1355665	23.00576024	65.5	0
A0618	113.6756826	22.94362798	65.5	1
A0619	113.9678196	23.08043298	70	1
A0620	113.9403339	22.93224969	69	1
A0621	114.1608936	22.79339959	70	1
A0622	113.7826897	22.80018488	67	1
A0623	113.956267	22.97892268	70	1
A0624	113.7801718	22.83110817	69	1
A0625	114.1967043	22.72831758	72	1
A0626	114.0574014	22.78108249	70	1
A0627	114.0632326	22.79633118	70	1
A0628	113.8090357	22.82104527	65	1
A0629	113.8557656	23.04883737	70	1
A0630	113.8093302	22.81973576	65	1
A0631	113.6689502	22.92277014	66	1
A0632	113.7066879	22.8387028	68.5	1
A0633	113.8334312	23.03128773	67.5	1
A0634	113.6206429	22.99889137	66.5	1
A0635	114.1017881	22.7920915	70	1
A0636	113.7638371	22.96921119	71.5	1
A0637	114.0421691	22.76781337	70	1
A0638	113.7566159	23.05029788	65.5	1
A0639	113.6774155	22.8188764	65.5	1
A0640	114.0068175	22.88245435	75	1
A0641	114.1664449	22.7406896	70	1
A0642	114.1542792	22.96547337	75	1
A0643	114.1787142	22.69796842	68	1
A0644	114.1741551	22.96920507	75	1
A0645	113.8561107	23.03504106	69	1
A0646	113.8311519	23.02874532	67.5	1
A0647	113.8030771	23.10214598	69.5	1
A0648	113.8416605	23.0230261	68	1
A0649	114.1744379	22.84421485	70	1
A0650	113.834619	23.06377156	68.5	1
A0651	113.848423	23.0284963	68	1
A0652	114.1728089	22.84485611	70	1
A0653	113.8422567	23.02631551	67.5	1
A0654	113.0531252	22.85760935	70.5	1
A0655	113.0170859	22.98796007	69	1
A0656	113.1870299	22.84851008	70.5	1
A0657	113.2182759	22.88459841	68	0
A0658	113.2240878	22.9138949	74	0
A0659	113.2460732	22.9652963	71.5	0
A0660	113.0553623	22.87852312	75	0
A0661	113.0553623	22.87852312	75	0
A0662	113.1682307	22.70990173	75	1
A0663	113.0855228	23.00974206	65.5	0
A0664	113.2523984	22.80363066	72.5	1
A0665	113.1550942	22.72036334	75	1
A0666	113.2677905	22.85727159	68	1
A0667	113.2924173	22.76789967	70	1
A0668	113.2779749	22.84690063	68	1
A0669	113.1809251	22.90953334	70	1
A0670	113.2183671	22.93017212	72.5	1
A0671	113.1383829	22.86636347	70	1
A0672	113.0534819	22.85737617	70.5	0
A0673	113.2418331	22.82250546	70	1
A0674	113.2179369	22.8821413	68.5	0
A0675	113.2034172	23.0386685	70	1
A0676	113.2565554	22.85271431	67.5	1
A0677	113.0139313	23.12824102	71	1
A0678	113.2116872	23.10103232	67	1
A0679	113.2755918	22.80574632	72	1
A0680	113.1050926	23.14631831	68	1
A0681	113.2631754	22.84139024	66	1
A0682	113.265445	22.84799685	66.5	1
A0683	113.2418331	22.82250546	70	1
A0684	113.2528321	22.8413378	66.5	1
A0685	113.7288782	22.81782912	72	1
A0686	113.6256759	22.91334578	75	1
A0687	113.8644239	23.10425851	72	1
A0688	113.1416733	23.25434329	72.5	1
A0689	113.7389577	22.80461472	72	1
A0690	113.0857182	23.22978218	75	1
A0691	113.0139313	23.12824102	75	1
A0692	113.1068267	23.15072393	68	1
A0693	113.1074724	23.04014697	65.5	0
A0694	113.215227	23.03509621	68	1
A0695	113.711025	23.06712166	72	1
A0696	113.9857532	22.96894263	68	1
A0697	114.1473047	22.8249516	75	1
A0698	113.8069493	23.02986674	66	1
A0699	113.1073552	23.06397425	66.5	0
A0700	113.6632245	22.92463744	72	1
A0701	113.6771283	22.94434236	65.5	1
A0702	114.1749839	22.84443218	75	1
A0703	114.0574014	22.78108249	69	1
A0704	114.0148092	22.91789735	75	1
A0705	113.8756202	23.08248182	68.5	1
A0706	114.1091621	22.78849837	75	1
A0707	113.824964	23.10904412	72	1
A0708	113.6687951	22.88864948	75	1
A0709	113.682687	22.82311516	65.5	1
A0710	113.9767303	23.02147069	72	1
A0711	113.9837534	22.84158065	75	1
A0712	113.7215484	22.80193697	72	1
A0713	113.6603676	23.09996972	68	1
A0714	113.6793236	22.82065293	66	1
A0715	113.9509232	23.00078427	72	1
A0716	114.1439999	22.74394534	75	1
A0717	113.7066879	22.8387028	72	1
A0718	114.1736681	22.70228568	75	1
A0719	113.7347647	22.8291523	72	1
A0720	114.1035973	23.02506148	75	1
A0721	114.1391543	22.74829892	75	1
A0722	113.675044	22.87660886	75	1
A0723	114.2757904	22.73591184	65.5	1
A0724	113.8756202	23.08248182	68.5	1
A0725	114.1542792	22.96547337	75	1
A0726	114.1128578	22.83586295	75	1
A0727	113.9505843	22.94565906	72	1
A0728	113.9381655	23.00561717	72	1
A0729	113.2210372	22.88898088	69.5	0
A0730	113.2629498	22.76676047	72.5	1
A0731	113.2589542	22.88479945	73	1
A0732	113.2588793	22.84425565	66	1
A0733	113.2670328	22.95119214	75	1
A0734	113.1614172	22.71129853	75	0
A0735	113.1633891	23.20445879	75	1
A0736	113.2915659	22.78360392	72	1
A0737	113.0236253	23.2604804	75	1
A0738	113.7689429	22.9870642	68	1
A0739	113.1847645	23.09554245	85	1
A0740	113.1836978	23.10350796	80	1
A0741	113.6793236	22.82065293	66	1
A0742	113.8897387	22.98965586	85	1
A0743	113.6767951	22.94132785	72	1
A0744	114.0968097	22.83399226	72	1
A0745	112.9248459	23.22113868	75	1
A0746	113.7913009	23.02429369	66.5	1
A0747	113.6793236	22.82065293	66	1
A0748	113.6572812	23.09621418	68	1
A0749	113.9193364	22.97049574	85	1
A0750	113.9955167	23.02941462	85	1
A0751	113.8836368	23.11759803	85	1
A0752	113.8067168	22.8184991	65	1
A0753	113.6786409	22.962945	66.5	1
A0754	113.7710582	23.06354452	65.5	1
A0755	113.7472574	22.80029657	72	1
A0756	113.8741143	23.0781566	67.5	1
A0757	113.5872324	23.05983215	75	1
A0758	113.0120037	23.12703337	72	1
A0759	113.7318371	23.04235254	67	1
A0760	114.1002264	22.80869811	85	1
A0761	113.8198157	23.10500981	72	1
A0762	113.7414039	23.05466654	66	1
A0763	113.663448	23.05714801	72	1
A0764	113.8077758	23.04229567	66	1
A0765	113.881268	23.00371616	85	1
A0766	113.7381856	23.00877683	72	1
A0767	113.8870409	22.93815956	70	1
A0768	113.7156716	23.05080297	72	1
A0769	113.7285264	23.0832246	66.5	1
A0770	113.7548907	23.05434269	65.5	1
A0771	114.0248715	22.91669305	72	1
A0772	113.746608	23.02609965	66.5	1
A0773	114.0234467	23.07328362	85	1
A0774	113.9505344	23.08636883	72	1
A0775	113.111198	23.13871675	85	1
A0776	114.0208579	22.98807885	66	1
A0777	112.9260813	23.04326407	85	1
A0778	112.9221482	23.061023	80	1
A0779	113.9453226	22.94081175	72	1
A0780	113.7621434	22.99587084	72	1
A0781	113.8483693	22.91334142	72	1
A0782	113.730314	22.97333327	67.5	1
A0783	112.9299114	23.11276083	70	1
A0784	113.1648355	23.12358718	68	1
A0785	113.7431308	23.05913863	66	1
A0786	113.0255363	23.06812838	80	1
A0787	113.7523577	23.09724421	71	1
A0788	113.1851605	23.19885366	85	1
A0789	113.1826215	23.09348295	85	1
A0790	113.0890874	23.23190692	85	1
A0791	113.0623784	23.06279119	85	0
A0792	113.1056841	23.06233415	66.5	1
A0793	113.1808405	23.10971032	85	1
A0794	113.0827188	23.22923111	85	1
A0795	112.9305637	23.11501909	70	1
A0796	113.1169399	23.11526775	85	1
A0797	113.2873979	22.80256864	85	1
A0798	112.9216899	23.06007494	85	1
A0799	113.1092646	23.15029122	67.5	1
A0800	113.1309687	23.11065649	85	1
A0801	113.0572779	23.0650595	72	1
A0802	113.8990852	22.93595157	80	1
A0803	113.8613142	23.11458393	72	1
A0804	113.8475874	22.90672977	72	1
A0805	114.0740398	22.9097662	80	1
A0806	113.8369654	23.11465325	72	1
A0807	113.7731777	23.03909825	65.5	1
A0808	114.1592865	22.84670401	85	1
A0809	113.1169399	23.11526775	85	1
A0810	113.1398401	22.86402965	72	1
A0811	113.0906029	22.96629587	72	0
A0812	113.0897185	22.96411796	72	0
A0813	113.0899638	22.95881496	72	0
A0814	113.081987	22.88967401	74	0
A0815	113.1253912	23.11275168	80	1
A0816	113.0957859	22.96420705	72	0
A0817	113.1071838	22.96049969	72	0
A0818	113.0570744	23.06367854	72	0
A0819	113.0925684	22.96532138	72	0
A0820	113.0856424	23.00958915	72	0
A0821	113.1641039	22.78982133	74	0
A0822	113.0883982	23.04181877	72	0
A0823	113.0978671	22.96817917	72	0
A0824	113.1409256	22.99456666	72	0
A0825	113.0166506	22.97888202	72	0
A0826	113.0900415	22.94563836	72	0
A0827	113.1548703	23.06667235	65.5	1
A0828	113.7603122	23.01280811	66	1
A0829	112.8761925	23.17903001	80	1
A0830	113.1517748	23.12341113	85	1
A0831	113.125784	23.0440624	65.5	0
A0832	113.2801516	22.8332624	72	1
A0833	113.8277312	22.81467597	85	1
A0834	113.7711884	23.06367398	65.5	1
A0835	113.1103823	23.12329431	85	1
