22.4	112.6	8.0
22.4	112.64999999999999	-13.0
22.4	112.69999999999999	-15.0
22.4	112.74999999999999	-6.0
22.4	112.79999999999998	-15.0
22.4	112.84999999999998	13.0
22.4	112.89999999999998	0.0
22.4	112.94999999999997	4.0
22.4	112.99999999999997	0.0
22.4	113.04999999999997	4.0
22.4	113.09999999999997	19.0
22.4	113.14999999999996	12.0
22.4	113.19999999999996	16.0
22.4	113.24999999999996	18.0
22.4	113.29999999999995	-12.0
22.4	113.34999999999995	12.0
22.4	113.39999999999995	-16.0
22.4	113.44999999999995	17.0
22.4	113.49999999999994	-17.0
22.4	113.54999999999994	14.0
22.4	113.59999999999994	-11.0
22.4	113.64999999999993	-5.0
22.4	113.69999999999993	-6.0
22.4	113.74999999999993	11.0
22.4	113.79999999999993	-5.0
22.4	113.84999999999992	4.0
22.4	113.89999999999992	16.0
22.4	113.94999999999992	11.0
22.4	113.99999999999991	-3.0
22.4	114.04999999999991	-18.0
22.4	114.09999999999991	-3.0
22.4	114.1499999999999	-12.0
22.4	114.1999999999999	14.0
22.4	114.2499999999999	5.0
22.4	114.2999999999999	-11.0
22.4	114.3499999999999	-2.0
22.4	114.39999999999989	7.0
22.4	114.44999999999989	-13.0
22.4	114.49999999999989	18.0
22.4	114.54999999999988	-19.0
22.45	112.6	9.0
22.45	112.64999999999999	-9.0
22.45	112.69999999999999	2.0
22.45	112.74999999999999	-9.0
22.45	112.79999999999998	-18.0
22.45	112.84999999999998	19.0
22.45	112.89999999999998	-17.0
22.45	112.94999999999997	3.0
22.45	112.99999999999997	13.0
22.45	113.04999999999997	-2.0
22.45	113.09999999999997	-13.0
22.45	113.14999999999996	-2.0
22.45	113.19999999999996	3.0
22.45	113.24999999999996	-13.0
22.45	113.29999999999995	16.0
22.45	113.34999999999995	-17.0
22.45	113.39999999999995	-5.0
22.45	113.44999999999995	-3.0
22.45	113.49999999999994	-14.0
22.45	113.54999999999994	1.0
22.45	113.59999999999994	-15.0
22.45	113.64999999999993	20.0
22.45	113.69999999999993	-7.0
22.45	113.74999999999993	19.0
22.45	113.79999999999993	6.0
22.45	113.84999999999992	-20.0
22.45	113.89999999999992	-7.0
22.45	113.94999999999992	-20.0
22.45	113.99999999999991	-3.0
22.45	114.04999999999991	17.0
22.45	114.09999999999991	-13.0
22.45	114.1499999999999	-12.0
22.45	114.1999999999999	14.0
22.45	114.2499999999999	-13.0
22.45	114.2999999999999	-8.0
22.45	114.3499999999999	-19.0
22.45	114.39999999999989	-8.0
22.45	114.44999999999989	4.0
22.45	114.49999999999989	4.0
22.45	114.54999999999988	-9.0
22.5	112.6	6.0
22.5	112.64999999999999	-7.0
22.5	112.69999999999999	-19.0
22.5	112.74999999999999	-18.0
22.5	112.79999999999998	10.0
22.5	112.84999999999998	-14.0
22.5	112.89999999999998	-16.0
22.5	112.94999999999997	11.0
22.5	112.99999999999997	-20.0
22.5	113.04999999999997	-6.0
22.5	113.09999999999997	17.0
22.5	113.14999999999996	8.0
22.5	113.19999999999996	12.0
22.5	113.24999999999996	16.0
22.5	113.29999999999995	19.0
22.5	113.34999999999995	-14.0
22.5	113.39999999999995	-15.0
22.5	113.44999999999995	-15.0
22.5	113.49999999999994	-2.0
22.5	113.54999999999994	9.0
22.5	113.59999999999994	16.0
22.5	113.64999999999993	12.0
22.5	113.69999999999993	-19.0
22.5	113.74999999999993	-5.0
22.5	113.79999999999993	6.0
22.5	113.84999999999992	20.0
22.5	113.89999999999992	18.0
22.5	113.94999999999992	-14.0
22.5	113.99999999999991	-4.0
22.5	114.04999999999991	19.0
22.5	114.09999999999991	12.0
22.5	114.1499999999999	7.0
22.5	114.1999999999999	20.0
22.5	114.2499999999999	19.0
22.5	114.2999999999999	18.0
22.5	114.3499999999999	-12.0
22.5	114.39999999999989	-20.0
22.5	114.44999999999989	-10.0
22.5	114.49999999999989	7.0
22.5	114.54999999999988	17.0
22.55	112.6	14.0
22.55	112.64999999999999	-17.0
22.55	112.69999999999999	20.0
22.55	112.74999999999999	-11.0
22.55	112.79999999999998	14.0
22.55	112.84999999999998	4.0
22.55	112.89999999999998	14.0
22.55	112.94999999999997	1.0
22.55	112.99999999999997	-17.0
22.55	113.04999999999997	-7.0
22.55	113.09999999999997	13.0
22.55	113.14999999999996	-8.0
22.55	113.19999999999996	-18.0
22.55	113.24999999999996	-11.0
22.55	113.29999999999995	-5.0
22.55	113.34999999999995	-5.0
22.55	113.39999999999995	-7.0
22.55	113.44999999999995	2.0
22.55	113.49999999999994	8.0
22.55	113.54999999999994	-7.0
22.55	113.59999999999994	-13.0
22.55	113.64999999999993	8.0
22.55	113.69999999999993	-6.0
22.55	113.74999999999993	-1.0
22.55	113.79999999999993	-3.0
22.55	113.84999999999992	19.0
22.55	113.89999999999992	-11.0
22.55	113.94999999999992	-18.0
22.55	113.99999999999991	12.0
22.55	114.04999999999991	18.0
22.55	114.09999999999991	10.0
22.55	114.1499999999999	6.0
22.55	114.1999999999999	-15.0
22.55	114.2499999999999	4.0
22.55	114.2999999999999	-5.0
22.55	114.3499999999999	5.0
22.55	114.39999999999989	2.0
22.55	114.44999999999989	-11.0
22.55	114.49999999999989	12.0
22.55	114.54999999999988	-11.0
22.6	112.6	-10.0
22.6	112.64999999999999	9.0
22.6	112.69999999999999	-13.0
22.6	112.74999999999999	0.0
22.6	112.79999999999998	0.0
22.6	112.84999999999998	-1.0
22.6	112.89999999999998	2.0
22.6	112.94999999999997	-7.0
22.6	112.99999999999997	8.0
22.6	113.04999999999997	-3.0
22.6	113.09999999999997	-11.0
22.6	113.14999999999996	11.0
22.6	113.19999999999996	-3.0
22.6	113.24999999999996	4.0
22.6	113.29999999999995	-18.0
22.6	113.34999999999995	-3.0
22.6	113.39999999999995	11.0
22.6	113.44999999999995	20.0
22.6	113.49999999999994	-9.0
22.6	113.54999999999994	19.0
22.6	113.59999999999994	0.0
22.6	113.64999999999993	2.0
22.6	113.69999999999993	2.0
22.6	113.74999999999993	17.0
22.6	113.79999999999993	-11.0
22.6	113.84999999999992	-1.0
22.6	113.89999999999992	-8.0
22.6	113.94999999999992	19.0
22.6	113.99999999999991	-6.0
22.6	114.04999999999991	2.0
22.6	114.09999999999991	-7.0
22.6	114.1499999999999	7.0
22.6	114.1999999999999	0.0
22.6	114.2499999999999	18.0
22.6	114.2999999999999	13.0
22.6	114.3499999999999	19.0
22.6	114.39999999999989	12.0
22.6	114.44999999999989	15.0
22.6	114.49999999999989	15.0
22.6	114.54999999999988	12.0
22.650000000000002	112.6	-3.0
22.650000000000002	112.64999999999999	-5.0
22.650000000000002	112.69999999999999	15.0
22.650000000000002	112.74999999999999	-2.0
22.650000000000002	112.79999999999998	0.0
22.650000000000002	112.84999999999998	-9.0
22.650000000000002	112.89999999999998	-2.0
22.650000000000002	112.94999999999997	-16.0
22.650000000000002	112.99999999999997	-13.0
22.650000000000002	113.04999999999997	12.0
22.650000000000002	113.09999999999997	5.0
22.650000000000002	113.14999999999996	8.0
22.650000000000002	113.19999999999996	-19.0
22.650000000000002	113.24999999999996	13.0
22.650000000000002	113.29999999999995	6.0
22.650000000000002	113.34999999999995	-16.0
22.650000000000002	113.39999999999995	-12.0
22.650000000000002	113.44999999999995	18.0
22.650000000000002	113.49999999999994	-11.0
22.650000000000002	113.54999999999994	-14.0
22.650000000000002	113.59999999999994	-2.0
22.650000000000002	113.64999999999993	17.0
22.650000000000002	113.69999999999993	20.0
22.650000000000002	113.74999999999993	-13.0
22.650000000000002	113.79999999999993	-1.0
22.650000000000002	113.84999999999992	-12.0
22.650000000000002	113.89999999999992	13.0
22.650000000000002	113.94999999999992	1.0
22.650000000000002	113.99999999999991	-13.0
22.650000000000002	114.04999999999991	15.0
22.650000000000002	114.09999999999991	-13.0
22.650000000000002	114.1499999999999	8.0
22.650000000000002	114.1999999999999	-2.0
22.650000000000002	114.2499999999999	8.0
22.650000000000002	114.2999999999999	13.0
22.650000000000002	114.3499999999999	-9.0
22.650000000000002	114.39999999999989	10.0
22.650000000000002	114.44999999999989	13.0
22.650000000000002	114.49999999999989	3.0
22.650000000000002	114.54999999999988	4.0
22.700000000000003	112.6	-20.0
22.700000000000003	112.64999999999999	15.0
22.700000000000003	112.69999999999999	20.0
22.700000000000003	112.74999999999999	3.0
22.700000000000003	112.79999999999998	-9.0
22.700000000000003	112.84999999999998	-19.0
22.700000000000003	112.89999999999998	7.0
22.700000000000003	112.94999999999997	-5.0
22.700000000000003	112.99999999999997	-19.0
22.700000000000003	113.04999999999997	6.0
22.700000000000003	113.09999999999997	-3.0
22.700000000000003	113.14999999999996	11.0
22.700000000000003	113.19999999999996	15.0
22.700000000000003	113.24999999999996	1.0
22.700000000000003	113.29999999999995	-12.0
22.700000000000003	113.34999999999995	0.0
22.700000000000003	113.39999999999995	-9.0
22.700000000000003	113.44999999999995	-14.0
22.700000000000003	113.49999999999994	-9.0
22.700000000000003	113.54999999999994	12.0
22.700000000000003	113.59999999999994	6.0
22.700000000000003	113.64999999999993	7.0
22.700000000000003	113.69999999999993	-4.0
22.700000000000003	113.74999999999993	20.0
22.700000000000003	113.79999999999993	20.0
22.700000000000003	113.84999999999992	14.0
22.700000000000003	113.89999999999992	9.0
22.700000000000003	113.94999999999992	3.0
22.700000000000003	113.99999999999991	12.0
22.700000000000003	114.04999999999991	9.0
22.700000000000003	114.09999999999991	5.0
22.700000000000003	114.1499999999999	6.0
22.700000000000003	114.1999999999999	-14.0
22.700000000000003	114.2499999999999	-15.0
22.700000000000003	114.2999999999999	7.0
22.700000000000003	114.3499999999999	17.0
22.700000000000003	114.39999999999989	16.0
22.700000000000003	114.44999999999989	6.0
22.700000000000003	114.49999999999989	8.0
22.700000000000003	114.54999999999988	-8.0
22.750000000000004	112.6	6.0
22.750000000000004	112.64999999999999	18.0
22.750000000000004	112.69999999999999	-9.0
22.750000000000004	112.74999999999999	-4.0
22.750000000000004	112.79999999999998	-9.0
22.750000000000004	112.84999999999998	0.0
22.750000000000004	112.89999999999998	-6.0
22.750000000000004	112.94999999999997	2.0
22.750000000000004	112.99999999999997	5.0
22.750000000000004	113.04999999999997	-9.0
22.750000000000004	113.09999999999997	-12.0
22.750000000000004	113.14999999999996	6.0
22.750000000000004	113.19999999999996	-19.0
22.750000000000004	113.24999999999996	-20.0
22.750000000000004	113.29999999999995	4.0
22.750000000000004	113.34999999999995	-14.0
22.750000000000004	113.39999999999995	9.0
22.750000000000004	113.44999999999995	1.0
22.750000000000004	113.49999999999994	9.0
22.750000000000004	113.54999999999994	-12.0
22.750000000000004	113.59999999999994	-15.0
22.750000000000004	113.64999999999993	19.0
22.750000000000004	113.69999999999993	12.0
22.750000000000004	113.74999999999993	16.0
22.750000000000004	113.79999999999993	-9.0
22.750000000000004	113.84999999999992	3.0
22.750000000000004	113.89999999999992	16.0
22.750000000000004	113.94999999999992	11.0
22.750000000000004	113.99999999999991	-8.0
22.750000000000004	114.04999999999991	4.0
22.750000000000004	114.09999999999991	13.0
22.750000000000004	114.1499999999999	-11.0
22.750000000000004	114.1999999999999	5.0
22.750000000000004	114.2499999999999	19.0
22.750000000000004	114.2999999999999	19.0
22.750000000000004	114.3499999999999	4.0
22.750000000000004	114.39999999999989	1.0
22.750000000000004	114.44999999999989	-13.0
22.750000000000004	114.49999999999989	3.0
22.750000000000004	114.54999999999988	13.0
22.800000000000004	112.6	-5.0
22.800000000000004	112.64999999999999	-17.0
22.800000000000004	112.69999999999999	-7.0
22.800000000000004	112.74999999999999	16.0
22.800000000000004	112.79999999999998	-12.0
22.800000000000004	112.84999999999998	-7.0
22.800000000000004	112.89999999999998	13.0
22.800000000000004	112.94999999999997	8.0
22.800000000000004	112.99999999999997	-20.0
22.800000000000004	113.04999999999997	-4.0
22.800000000000004	113.09999999999997	11.0
22.800000000000004	113.14999999999996	3.0
22.800000000000004	113.19999999999996	12.0
22.800000000000004	113.24999999999996	-8.0
22.800000000000004	113.29999999999995	-18.0
22.800000000000004	113.34999999999995	10.0
22.800000000000004	113.39999999999995	20.0
22.800000000000004	113.44999999999995	18.0
22.800000000000004	113.49999999999994	-3.0
22.800000000000004	113.54999999999994	-1.0
22.800000000000004	113.59999999999994	13.0
22.800000000000004	113.64999999999993	-8.0
22.800000000000004	113.69999999999993	-13.0
22.800000000000004	113.74999999999993	-1.0
22.800000000000004	113.79999999999993	-13.0
22.800000000000004	113.84999999999992	0.0
22.800000000000004	113.89999999999992	-3.0
22.800000000000004	113.94999999999992	12.0
22.800000000000004	113.99999999999991	-17.0
22.800000000000004	114.04999999999991	-18.0
22.800000000000004	114.09999999999991	-16.0
22.800000000000004	114.1499999999999	16.0
22.800000000000004	114.1999999999999	-15.0
22.800000000000004	114.2499999999999	-6.0
22.800000000000004	114.2999999999999	-5.0
22.800000000000004	114.3499999999999	1.0
22.800000000000004	114.39999999999989	-11.0
22.800000000000004	114.44999999999989	13.0
22.800000000000004	114.49999999999989	3.0
22.800000000000004	114.54999999999988	-2.0
22.850000000000005	112.6	0.0
22.850000000000005	112.64999999999999	-6.0
22.850000000000005	112.69999999999999	-9.0
22.850000000000005	112.74999999999999	17.0
22.850000000000005	112.79999999999998	7.0
22.850000000000005	112.84999999999998	8.0
22.850000000000005	112.89999999999998	7.0
22.850000000000005	112.94999999999997	-19.0
22.850000000000005	112.99999999999997	19.0
22.850000000000005	113.04999999999997	-4.0
22.850000000000005	113.09999999999997	-17.0
22.850000000000005	113.14999999999996	19.0
22.850000000000005	113.19999999999996	1.0
22.850000000000005	113.24999999999996	17.0
22.850000000000005	113.29999999999995	6.0
22.850000000000005	113.34999999999995	-7.0
22.850000000000005	113.39999999999995	2.0
22.850000000000005	113.44999999999995	-1.0
22.850000000000005	113.49999999999994	-20.0
22.850000000000005	113.54999999999994	-12.0
22.850000000000005	113.59999999999994	-3.0
22.850000000000005	113.64999999999993	-19.0
22.850000000000005	113.69999999999993	-13.0
22.850000000000005	113.74999999999993	-15.0
22.850000000000005	113.79999999999993	-1.0
22.850000000000005	113.84999999999992	-17.0
22.850000000000005	113.89999999999992	4.0
22.850000000000005	113.94999999999992	-17.0
22.850000000000005	113.99999999999991	18.0
22.850000000000005	114.04999999999991	3.0
22.850000000000005	114.09999999999991	18.0
22.850000000000005	114.1499999999999	-14.0
22.850000000000005	114.1999999999999	-4.0
22.850000000000005	114.2499999999999	8.0
22.850000000000005	114.2999999999999	2.0
22.850000000000005	114.3499999999999	6.0
22.850000000000005	114.39999999999989	-16.0
22.850000000000005	114.44999999999989	12.0
22.850000000000005	114.49999999999989	10.0
22.850000000000005	114.54999999999988	-4.0
22.900000000000006	112.6	-17.0
22.900000000000006	112.64999999999999	15.0
22.900000000000006	112.69999999999999	-4.0
22.900000000000006	112.74999999999999	11.0
22.900000000000006	112.79999999999998	4.0
22.900000000000006	112.84999999999998	3.0
22.900000000000006	112.89999999999998	5.0
22.900000000000006	112.94999999999997	-15.0
22.900000000000006	112.99999999999997	19.0
22.900000000000006	113.04999999999997	19.0
22.900000000000006	113.09999999999997	-10.0
22.900000000000006	113.14999999999996	-7.0
22.900000000000006	113.19999999999996	-7.0
22.900000000000006	113.24999999999996	-4.0
22.900000000000006	113.29999999999995	-14.0
22.900000000000006	113.34999999999995	1.0
22.900000000000006	113.39999999999995	4.0
22.900000000000006	113.44999999999995	16.0
22.900000000000006	113.49999999999994	-4.0
22.900000000000006	113.54999999999994	-20.0
22.900000000000006	113.59999999999994	4.0
22.900000000000006	113.64999999999993	-1.0
22.900000000000006	113.69999999999993	5.0
22.900000000000006	113.74999999999993	-10.0
22.900000000000006	113.79999999999993	7.0
22.900000000000006	113.84999999999992	11.0
22.900000000000006	113.89999999999992	19.0
22.900000000000006	113.94999999999992	9.0
22.900000000000006	113.99999999999991	-11.0
22.900000000000006	114.04999999999991	3.0
22.900000000000006	114.09999999999991	3.0
22.900000000000006	114.1499999999999	-14.0
22.900000000000006	114.1999999999999	4.0
22.900000000000006	114.2499999999999	-20.0
22.900000000000006	114.2999999999999	-3.0
22.900000000000006	114.3499999999999	-2.0
22.900000000000006	114.39999999999989	-9.0
22.900000000000006	114.44999999999989	-8.0
22.900000000000006	114.49999999999989	1.0
22.900000000000006	114.54999999999988	1.0
22.950000000000006	112.6	3.0
22.950000000000006	112.64999999999999	9.0
22.950000000000006	112.69999999999999	-1.0
22.950000000000006	112.74999999999999	-2.0
22.950000000000006	112.79999999999998	-13.0
22.950000000000006	112.84999999999998	6.0
22.950000000000006	112.89999999999998	-18.0
22.950000000000006	112.94999999999997	-17.0
22.950000000000006	112.99999999999997	16.0
22.950000000000006	113.04999999999997	-10.0
22.950000000000006	113.09999999999997	15.0
22.950000000000006	113.14999999999996	-2.0
22.950000000000006	113.19999999999996	11.0
22.950000000000006	113.24999999999996	-1.0
22.950000000000006	113.29999999999995	17.0
22.950000000000006	113.34999999999995	-14.0
22.950000000000006	113.39999999999995	-20.0
22.950000000000006	113.44999999999995	-3.0
22.950000000000006	113.49999999999994	-10.0
22.950000000000006	113.54999999999994	-6.0
22.950000000000006	113.59999999999994	6.0
22.950000000000006	113.64999999999993	-16.0
22.950000000000006	113.69999999999993	2.0
22.950000000000006	113.74999999999993	-4.0
22.950000000000006	113.79999999999993	-17.0
22.950000000000006	113.84999999999992	-19.0
22.950000000000006	113.89999999999992	-5.0
22.950000000000006	113.94999999999992	-11.0
22.950000000000006	113.99999999999991	-17.0
22.950000000000006	114.04999999999991	-13.0
22.950000000000006	114.09999999999991	-7.0
22.950000000000006	114.1499999999999	-3.0
22.950000000000006	114.1999999999999	-10.0
22.950000000000006	114.2499999999999	-10.0
22.950000000000006	114.2999999999999	-4.0
22.950000000000006	114.3499999999999	-14.0
22.950000000000006	114.39999999999989	2.0
22.950000000000006	114.44999999999989	-19.0
22.950000000000006	114.49999999999989	-19.0
22.950000000000006	114.54999999999988	-12.0
23.000000000000007	112.6	5.0
23.000000000000007	112.64999999999999	-15.0
23.000000000000007	112.69999999999999	6.0
23.000000000000007	112.74999999999999	3.0
23.000000000000007	112.79999999999998	-10.0
23.000000000000007	112.84999999999998	-18.0
23.000000000000007	112.89999999999998	18.0
23.000000000000007	112.94999999999997	-4.0
23.000000000000007	112.99999999999997	9.0
23.000000000000007	113.04999999999997	10.0
23.000000000000007	113.09999999999997	14.0
23.000000000000007	113.14999999999996	20.0
23.000000000000007	113.19999999999996	-10.0
23.000000000000007	113.24999999999996	-18.0
23.000000000000007	113.29999999999995	-6.0
23.000000000000007	113.34999999999995	-10.0
23.000000000000007	113.39999999999995	14.0
23.000000000000007	113.44999999999995	-2.0
23.000000000000007	113.49999999999994	0.0
23.000000000000007	113.54999999999994	-3.0
23.000000000000007	113.59999999999994	-14.0
23.000000000000007	113.64999999999993	-11.0
23.000000000000007	113.69999999999993	14.0
23.000000000000007	113.74999999999993	1.0
23.000000000000007	113.79999999999993	18.0
23.000000000000007	113.84999999999992	-7.0
23.000000000000007	113.89999999999992	7.0
23.000000000000007	113.94999999999992	-20.0
23.000000000000007	113.99999999999991	-19.0
23.000000000000007	114.04999999999991	5.0
23.000000000000007	114.09999999999991	6.0
23.000000000000007	114.1499999999999	18.0
23.000000000000007	114.1999999999999	15.0
23.000000000000007	114.2499999999999	-8.0
23.000000000000007	114.2999999999999	-17.0
23.000000000000007	114.3499999999999	-2.0
23.000000000000007	114.39999999999989	-20.0
23.000000000000007	114.44999999999989	-4.0
23.000000000000007	114.49999999999989	-18.0
23.000000000000007	114.54999999999988	14.0
23.050000000000008	112.6	15.0
23.050000000000008	112.64999999999999	20.0
23.050000000000008	112.69999999999999	-9.0
23.050000000000008	112.74999999999999	17.0
23.050000000000008	112.79999999999998	4.0
23.050000000000008	112.84999999999998	-1.0
23.050000000000008	112.89999999999998	11.0
23.050000000000008	112.94999999999997	-13.0
23.050000000000008	112.99999999999997	12.0
23.050000000000008	113.04999999999997	16.0
23.050000000000008	113.09999999999997	-16.0
23.050000000000008	113.14999999999996	3.0
23.050000000000008	113.19999999999996	-17.0
23.050000000000008	113.24999999999996	10.0
23.050000000000008	113.29999999999995	-12.0
23.050000000000008	113.34999999999995	-3.0
23.050000000000008	113.39999999999995	8.0
23.050000000000008	113.44999999999995	12.0
23.050000000000008	113.49999999999994	6.0
23.050000000000008	113.54999999999994	-15.0
23.050000000000008	113.59999999999994	14.0
23.050000000000008	113.64999999999993	-19.0
23.050000000000008	113.69999999999993	0.0
23.050000000000008	113.74999999999993	-18.0
23.050000000000008	113.79999999999993	-1.0
23.050000000000008	113.84999999999992	-4.0
23.050000000000008	113.89999999999992	16.0
23.050000000000008	113.94999999999992	4.0
23.050000000000008	113.99999999999991	-13.0
23.050000000000008	114.04999999999991	-3.0
23.050000000000008	114.09999999999991	3.0
23.050000000000008	114.1499999999999	-6.0
23.050000000000008	114.1999999999999	-17.0
23.050000000000008	114.2499999999999	5.0
23.050000000000008	114.2999999999999	-9.0
23.050000000000008	114.3499999999999	-7.0
23.050000000000008	114.39999999999989	13.0
23.050000000000008	114.44999999999989	3.0
23.050000000000008	114.49999999999989	3.0
23.050000000000008	114.54999999999988	14.0
23.10000000000001	112.6	7.0
23.10000000000001	112.64999999999999	3.0
23.10000000000001	112.69999999999999	-9.0
23.10000000000001	112.74999999999999	2.0
23.10000000000001	112.79999999999998	7.0
23.10000000000001	112.84999999999998	-18.0
23.10000000000001	112.89999999999998	15.0
23.10000000000001	112.94999999999997	-19.0
23.10000000000001	112.99999999999997	-4.0
23.10000000000001	113.04999999999997	-18.0
23.10000000000001	113.09999999999997	13.0
23.10000000000001	113.14999999999996	-11.0
23.10000000000001	113.19999999999996	-17.0
23.10000000000001	113.24999999999996	-12.0
23.10000000000001	113.29999999999995	11.0
23.10000000000001	113.34999999999995	-20.0
23.10000000000001	113.39999999999995	-3.0
23.10000000000001	113.44999999999995	2.0
23.10000000000001	113.49999999999994	-3.0
23.10000000000001	113.54999999999994	-9.0
23.10000000000001	113.59999999999994	20.0
23.10000000000001	113.64999999999993	-20.0
23.10000000000001	113.69999999999993	10.0
23.10000000000001	113.74999999999993	6.0
23.10000000000001	113.79999999999993	-7.0
23.10000000000001	113.84999999999992	-19.0
23.10000000000001	113.89999999999992	10.0
23.10000000000001	113.94999999999992	-10.0
23.10000000000001	113.99999999999991	-19.0
23.10000000000001	114.04999999999991	17.0
23.10000000000001	114.09999999999991	-17.0
23.10000000000001	114.1499999999999	16.0
23.10000000000001	114.1999999999999	-3.0
23.10000000000001	114.2499999999999	-20.0
23.10000000000001	114.2999999999999	13.0
23.10000000000001	114.3499999999999	-9.0
23.10000000000001	114.39999999999989	15.0
23.10000000000001	114.44999999999989	-12.0
23.10000000000001	114.49999999999989	-2.0
23.10000000000001	114.54999999999988	14.0
23.15000000000001	112.6	-5.0
23.15000000000001	112.64999999999999	-14.0
23.15000000000001	112.69999999999999	-4.0
23.15000000000001	112.74999999999999	20.0
23.15000000000001	112.79999999999998	-11.0
23.15000000000001	112.84999999999998	-20.0
23.15000000000001	112.89999999999998	11.0
23.15000000000001	112.94999999999997	1.0
23.15000000000001	112.99999999999997	-4.0
23.15000000000001	113.04999999999997	-19.0
23.15000000000001	113.09999999999997	-1.0
23.15000000000001	113.14999999999996	-8.0
23.15000000000001	113.19999999999996	13.0
23.15000000000001	113.24999999999996	4.0
23.15000000000001	113.29999999999995	19.0
23.15000000000001	113.34999999999995	20.0
23.15000000000001	113.39999999999995	3.0
23.15000000000001	113.44999999999995	16.0
23.15000000000001	113.49999999999994	-12.0
23.15000000000001	113.54999999999994	8.0
23.15000000000001	113.59999999999994	5.0
23.15000000000001	113.64999999999993	-9.0
23.15000000000001	113.69999999999993	-19.0
23.15000000000001	113.74999999999993	11.0
23.15000000000001	113.79999999999993	1.0
23.15000000000001	113.84999999999992	8.0
23.15000000000001	113.89999999999992	9.0
23.15000000000001	113.94999999999992	-10.0
23.15000000000001	113.99999999999991	19.0
23.15000000000001	114.04999999999991	-15.0
23.15000000000001	114.09999999999991	18.0
23.15000000000001	114.1499999999999	-19.0
23.15000000000001	114.1999999999999	-19.0
23.15000000000001	114.2499999999999	-16.0
23.15000000000001	114.2999999999999	-2.0
23.15000000000001	114.3499999999999	-9.0
23.15000000000001	114.39999999999989	0.0
23.15000000000001	114.44999999999989	-11.0
23.15000000000001	114.49999999999989	20.0
23.15000000000001	114.54999999999988	-15.0
23.20000000000001	112.6	10.0
23.20000000000001	112.64999999999999	11.0
23.20000000000001	112.69999999999999	12.0
23.20000000000001	112.74999999999999	-16.0
23.20000000000001	112.79999999999998	7.0
23.20000000000001	112.84999999999998	-20.0
23.20000000000001	112.89999999999998	6.0
23.20000000000001	112.94999999999997	-9.0
23.20000000000001	112.99999999999997	5.0
23.20000000000001	113.04999999999997	12.0
23.20000000000001	113.09999999999997	4.0
23.20000000000001	113.14999999999996	-14.0
23.20000000000001	113.19999999999996	-13.0
23.20000000000001	113.24999999999996	-5.0
23.20000000000001	113.29999999999995	-14.0
23.20000000000001	113.34999999999995	11.0
23.20000000000001	113.39999999999995	19.0
23.20000000000001	113.44999999999995	-18.0
23.20000000000001	113.49999999999994	7.0
23.20000000000001	113.54999999999994	-2.0
23.20000000000001	113.59999999999994	5.0
23.20000000000001	113.64999999999993	-11.0
23.20000000000001	113.69999999999993	0.0
23.20000000000001	113.74999999999993	0.0
23.20000000000001	113.79999999999993	-10.0
23.20000000000001	113.84999999999992	7.0
23.20000000000001	113.89999999999992	3.0
23.20000000000001	113.94999999999992	-5.0
23.20000000000001	113.99999999999991	-15.0
23.20000000000001	114.04999999999991	5.0
23.20000000000001	114.09999999999991	3.0
23.20000000000001	114.1499999999999	-16.0
23.20000000000001	114.1999999999999	0.0
23.20000000000001	114.2499999999999	12.0
23.20000000000001	114.2999999999999	4.0
23.20000000000001	114.3499999999999	3.0
23.20000000000001	114.39999999999989	14.0
23.20000000000001	114.44999999999989	-17.0
23.20000000000001	114.49999999999989	17.0
23.20000000000001	114.54999999999988	-6.0
23.25000000000001	112.6	20.0
23.25000000000001	112.64999999999999	18.0
23.25000000000001	112.69999999999999	7.0
23.25000000000001	112.74999999999999	19.0
23.25000000000001	112.79999999999998	-10.0
23.25000000000001	112.84999999999998	-15.0
23.25000000000001	112.89999999999998	5.0
23.25000000000001	112.94999999999997	-4.0
23.25000000000001	112.99999999999997	9.0
23.25000000000001	113.04999999999997	-20.0
23.25000000000001	113.09999999999997	-18.0
23.25000000000001	113.14999999999996	-5.0
23.25000000000001	113.19999999999996	18.0
23.25000000000001	113.24999999999996	-7.0
23.25000000000001	113.29999999999995	17.0
23.25000000000001	113.34999999999995	-13.0
23.25000000000001	113.39999999999995	-1.0
23.25000000000001	113.44999999999995	-15.0
23.25000000000001	113.49999999999994	-3.0
23.25000000000001	113.54999999999994	-6.0
23.25000000000001	113.59999999999994	13.0
23.25000000000001	113.64999999999993	9.0
23.25000000000001	113.69999999999993	19.0
23.25000000000001	113.74999999999993	8.0
23.25000000000001	113.79999999999993	14.0
23.25000000000001	113.84999999999992	-10.0
23.25000000000001	113.89999999999992	-17.0
23.25000000000001	113.94999999999992	18.0
23.25000000000001	113.99999999999991	18.0
23.25000000000001	114.04999999999991	-2.0
23.25000000000001	114.09999999999991	-13.0
23.25000000000001	114.1499999999999	1.0
23.25000000000001	114.1999999999999	10.0
23.25000000000001	114.2499999999999	7.0
23.25000000000001	114.2999999999999	-6.0
23.25000000000001	114.3499999999999	-17.0
23.25000000000001	114.39999999999989	14.0
23.25000000000001	114.44999999999989	13.0
23.25000000000001	114.49999999999989	-2.0
23.25000000000001	114.54999999999988	19.0
23.30000000000001	112.6	15.0
23.30000000000001	112.64999999999999	-17.0
23.30000000000001	112.69999999999999	-6.0
23.30000000000001	112.74999999999999	0.0
23.30000000000001	112.79999999999998	-18.0
23.30000000000001	112.84999999999998	-9.0
23.30000000000001	112.89999999999998	15.0
23.30000000000001	112.94999999999997	2.0
23.30000000000001	112.99999999999997	9.0
23.30000000000001	113.04999999999997	-10.0
23.30000000000001	113.09999999999997	-15.0
23.30000000000001	113.14999999999996	-18.0
23.30000000000001	113.19999999999996	-14.0
23.30000000000001	113.24999999999996	-16.0
23.30000000000001	113.29999999999995	-8.0
23.30000000000001	113.34999999999995	-16.0
23.30000000000001	113.39999999999995	17.0
23.30000000000001	113.44999999999995	15.0
23.30000000000001	113.49999999999994	-19.0
23.30000000000001	113.54999999999994	-4.0
23.30000000000001	113.59999999999994	7.0
23.30000000000001	113.64999999999993	17.0
23.30000000000001	113.69999999999993	13.0
23.30000000000001	113.74999999999993	-3.0
23.30000000000001	113.79999999999993	10.0
23.30000000000001	113.84999999999992	17.0
23.30000000000001	113.89999999999992	5.0
23.30000000000001	113.94999999999992	-8.0
23.30000000000001	113.99999999999991	-6.0
23.30000000000001	114.04999999999991	1.0
23.30000000000001	114.09999999999991	-12.0
23.30000000000001	114.1499999999999	-10.0
23.30000000000001	114.1999999999999	8.0
23.30000000000001	114.2499999999999	15.0
23.30000000000001	114.2999999999999	-17.0
23.30000000000001	114.3499999999999	0.0
23.30000000000001	114.39999999999989	2.0
23.30000000000001	114.44999999999989	20.0
23.30000000000001	114.49999999999989	11.0
23.30000000000001	114.54999999999988	-3.0
23.350000000000012	112.6	16.0
23.350000000000012	112.64999999999999	2.0
23.350000000000012	112.69999999999999	17.0
23.350000000000012	112.74999999999999	0.0
23.350000000000012	112.79999999999998	9.0
23.350000000000012	112.84999999999998	4.0
23.350000000000012	112.89999999999998	13.0
23.350000000000012	112.94999999999997	20.0
23.350000000000012	112.99999999999997	11.0
23.350000000000012	113.04999999999997	-14.0
23.350000000000012	113.09999999999997	-7.0
23.350000000000012	113.14999999999996	4.0
23.350000000000012	113.19999999999996	3.0
23.350000000000012	113.24999999999996	-3.0
23.350000000000012	113.29999999999995	-15.0
23.350000000000012	113.34999999999995	19.0
23.350000000000012	113.39999999999995	8.0
23.350000000000012	113.44999999999995	-8.0
23.350000000000012	113.49999999999994	-18.0
23.350000000000012	113.54999999999994	-16.0
23.350000000000012	113.59999999999994	-2.0
23.350000000000012	113.64999999999993	-7.0
23.350000000000012	113.69999999999993	-13.0
23.350000000000012	113.74999999999993	-7.0
23.350000000000012	113.79999999999993	-17.0
23.350000000000012	113.84999999999992	-17.0
23.350000000000012	113.89999999999992	-3.0
23.350000000000012	113.94999999999992	-19.0
23.350000000000012	113.99999999999991	14.0
23.350000000000012	114.04999999999991	-1.0
23.350000000000012	114.09999999999991	6.0
23.350000000000012	114.1499999999999	-18.0
23.350000000000012	114.1999999999999	17.0
23.350000000000012	114.2499999999999	-9.0
23.350000000000012	114.2999999999999	-4.0
23.350000000000012	114.3499999999999	6.0
23.350000000000012	114.39999999999989	-4.0
23.350000000000012	114.44999999999989	-7.0
23.350000000000012	114.49999999999989	14.0
23.350000000000012	114.54999999999988	8.0
23.400000000000013	112.6	9.0
23.400000000000013	112.64999999999999	3.0
23.400000000000013	112.69999999999999	-20.0
23.400000000000013	112.74999999999999	-5.0
23.400000000000013	112.79999999999998	4.0
23.400000000000013	112.84999999999998	-14.0
23.400000000000013	112.89999999999998	-17.0
23.400000000000013	112.94999999999997	1.0
23.400000000000013	112.99999999999997	-7.0
23.400000000000013	113.04999999999997	-4.0
23.400000000000013	113.09999999999997	4.0
23.400000000000013	113.14999999999996	11.0
23.400000000000013	113.19999999999996	11.0
23.400000000000013	113.24999999999996	-9.0
23.400000000000013	113.29999999999995	10.0
23.400000000000013	113.34999999999995	11.0
23.400000000000013	113.39999999999995	0.0
23.400000000000013	113.44999999999995	-19.0
23.400000000000013	113.49999999999994	-9.0
23.400000000000013	113.54999999999994	8.0
23.400000000000013	113.59999999999994	-2.0
23.400000000000013	113.64999999999993	10.0
23.400000000000013	113.69999999999993	-3.0
23.400000000000013	113.74999999999993	9.0
23.400000000000013	113.79999999999993	-18.0
23.400000000000013	113.84999999999992	-1.0
23.400000000000013	113.89999999999992	12.0
23.400000000000013	113.94999999999992	4.0
23.400000000000013	113.99999999999991	16.0
23.400000000000013	114.04999999999991	-19.0
23.400000000000013	114.09999999999991	14.0
23.400000000000013	114.1499999999999	20.0
23.400000000000013	114.1999999999999	-4.0
23.400000000000013	114.2499999999999	-8.0
23.400000000000013	114.2999999999999	2.0
23.400000000000013	114.3499999999999	-8.0
23.400000000000013	114.39999999999989	9.0
23.400000000000013	114.44999999999989	6.0
23.400000000000013	114.49999999999989	-4.0
23.400000000000013	114.54999999999988	9.0
23.450000000000014	112.6	-3.0
23.450000000000014	112.64999999999999	15.0
23.450000000000014	112.69999999999999	-8.0
23.450000000000014	112.74999999999999	-3.0
23.450000000000014	112.79999999999998	-4.0
23.450000000000014	112.84999999999998	19.0
23.450000000000014	112.89999999999998	2.0
23.450000000000014	112.94999999999997	-5.0
23.450000000000014	112.99999999999997	-19.0
23.450000000000014	113.04999999999997	7.0
23.450000000000014	113.09999999999997	1.0
23.450000000000014	113.14999999999996	-14.0
23.450000000000014	113.19999999999996	-16.0
23.450000000000014	113.24999999999996	1.0
23.450000000000014	113.29999999999995	-8.0
23.450000000000014	113.34999999999995	-9.0
23.450000000000014	113.39999999999995	20.0
23.450000000000014	113.44999999999995	19.0
23.450000000000014	113.49999999999994	-17.0
23.450000000000014	113.54999999999994	14.0
23.450000000000014	113.59999999999994	-11.0
23.450000000000014	113.64999999999993	-20.0
23.450000000000014	113.69999999999993	14.0
23.450000000000014	113.74999999999993	-1.0
23.450000000000014	113.79999999999993	4.0
23.450000000000014	113.84999999999992	18.0
23.450000000000014	113.89999999999992	-17.0
23.450000000000014	113.94999999999992	-17.0
23.450000000000014	113.99999999999991	-12.0
23.450000000000014	114.04999999999991	-8.0
23.450000000000014	114.09999999999991	19.0
23.450000000000014	114.1499999999999	-3.0
23.450000000000014	114.1999999999999	-11.0
23.450000000000014	114.2499999999999	-5.0
23.450000000000014	114.2999999999999	1.0
23.450000000000014	114.3499999999999	-2.0
23.450000000000014	114.39999999999989	6.0
23.450000000000014	114.44999999999989	6.0
23.450000000000014	114.49999999999989	10.0
23.450000000000014	114.54999999999988	2.0
23.500000000000014	112.6	-19.0
23.500000000000014	112.64999999999999	19.0
23.500000000000014	112.69999999999999	6.0
23.500000000000014	112.74999999999999	5.0
23.500000000000014	112.79999999999998	-11.0
23.500000000000014	112.84999999999998	-3.0
23.500000000000014	112.89999999999998	16.0
23.500000000000014	112.94999999999997	-2.0
23.500000000000014	112.99999999999997	-8.0
23.500000000000014	113.04999999999997	8.0
23.500000000000014	113.09999999999997	19.0
23.500000000000014	113.14999999999996	16.0
23.500000000000014	113.19999999999996	16.0
23.500000000000014	113.24999999999996	19.0
23.500000000000014	113.29999999999995	-19.0
23.500000000000014	113.34999999999995	7.0
23.500000000000014	113.39999999999995	10.0
23.500000000000014	113.44999999999995	1.0
23.500000000000014	113.49999999999994	-20.0
23.500000000000014	113.54999999999994	10.0
23.500000000000014	113.59999999999994	14.0
23.500000000000014	113.64999999999993	-1.0
23.500000000000014	113.69999999999993	6.0
23.500000000000014	113.74999999999993	13.0
23.500000000000014	113.79999999999993	7.0
23.500000000000014	113.84999999999992	14.0
23.500000000000014	113.89999999999992	-18.0
23.500000000000014	113.94999999999992	10.0
23.500000000000014	113.99999999999991	-12.0
23.500000000000014	114.04999999999991	19.0
23.500000000000014	114.09999999999991	-13.0
23.500000000000014	114.1499999999999	-13.0
23.500000000000014	114.1999999999999	-17.0
23.500000000000014	114.2499999999999	10.0
23.500000000000014	114.2999999999999	11.0
23.500000000000014	114.3499999999999	-10.0
23.500000000000014	114.39999999999989	4.0
23.500000000000014	114.44999999999989	-4.0
23.500000000000014	114.49999999999989	-11.0
23.500000000000014	114.54999999999988	17.0
23.550000000000015	112.6	-8.0
23.550000000000015	112.64999999999999	12.0
23.550000000000015	112.69999999999999	14.0
23.550000000000015	112.74999999999999	18.0
23.550000000000015	112.79999999999998	10.0
23.550000000000015	112.84999999999998	-13.0
23.550000000000015	112.89999999999998	-12.0
23.550000000000015	112.94999999999997	-6.0
23.550000000000015	112.99999999999997	20.0
23.550000000000015	113.04999999999997	17.0
23.550000000000015	113.09999999999997	-9.0
23.550000000000015	113.14999999999996	19.0
23.550000000000015	113.19999999999996	12.0
23.550000000000015	113.24999999999996	-9.0
23.550000000000015	113.29999999999995	14.0
23.550000000000015	113.34999999999995	20.0
23.550000000000015	113.39999999999995	-10.0
23.550000000000015	113.44999999999995	-9.0
23.550000000000015	113.49999999999994	12.0
23.550000000000015	113.54999999999994	1.0
23.550000000000015	113.59999999999994	-2.0
23.550000000000015	113.64999999999993	3.0
23.550000000000015	113.69999999999993	-10.0
23.550000000000015	113.74999999999993	-20.0
23.550000000000015	113.79999999999993	12.0
23.550000000000015	113.84999999999992	8.0
23.550000000000015	113.89999999999992	-16.0
23.550000000000015	113.94999999999992	11.0
23.550000000000015	113.99999999999991	-2.0
23.550000000000015	114.04999999999991	-17.0
23.550000000000015	114.09999999999991	-18.0
23.550000000000015	114.1499999999999	-3.0
23.550000000000015	114.1999999999999	5.0
23.550000000000015	114.2499999999999	2.0
23.550000000000015	114.2999999999999	-15.0
23.550000000000015	114.3499999999999	16.0
23.550000000000015	114.39999999999989	9.0
23.550000000000015	114.44999999999989	-6.0
23.550000000000015	114.49999999999989	12.0
23.550000000000015	114.54999999999988	-10.0
23.600000000000016	112.6	-17.0
23.600000000000016	112.64999999999999	18.0
23.600000000000016	112.69999999999999	12.0
23.600000000000016	112.74999999999999	19.0
23.600000000000016	112.79999999999998	6.0
23.600000000000016	112.84999999999998	10.0
23.600000000000016	112.89999999999998	16.0
23.600000000000016	112.94999999999997	15.0
23.600000000000016	112.99999999999997	8.0
23.600000000000016	113.04999999999997	-14.0
23.600000000000016	113.09999999999997	4.0
23.600000000000016	113.14999999999996	-11.0
23.600000000000016	113.19999999999996	-10.0
23.600000000000016	113.24999999999996	-1.0
23.600000000000016	113.29999999999995	-3.0
23.600000000000016	113.34999999999995	-6.0
23.600000000000016	113.39999999999995	-15.0
23.600000000000016	113.44999999999995	-19.0
23.600000000000016	113.49999999999994	-11.0
23.600000000000016	113.54999999999994	-17.0
23.600000000000016	113.59999999999994	-13.0
23.600000000000016	113.64999999999993	-17.0
23.600000000000016	113.69999999999993	-11.0
23.600000000000016	113.74999999999993	-3.0
23.600000000000016	113.79999999999993	6.0
23.600000000000016	113.84999999999992	4.0
23.600000000000016	113.89999999999992	14.0
23.600000000000016	113.94999999999992	-1.0
23.600000000000016	113.99999999999991	4.0
23.600000000000016	114.04999999999991	17.0
23.600000000000016	114.09999999999991	-7.0
23.600000000000016	114.1499999999999	14.0
23.600000000000016	114.1999999999999	2.0
23.600000000000016	114.2499999999999	8.0
23.600000000000016	114.2999999999999	-20.0
23.600000000000016	114.3499999999999	-20.0
23.600000000000016	114.39999999999989	15.0
23.600000000000016	114.44999999999989	-2.0
23.600000000000016	114.49999999999989	20.0
23.600000000000016	114.54999999999988	4.0
