t	P_2
0.000000	0.000000
0.100000	0.000000
0.200000	0.000000
0.300000	0.000000
0.400000	0.000000
0.500000	0.000000
0.600000	0.000000
0.700000	0.000000
0.800000	0.000000
0.900000	0.000000
1.000000	0.000000
1.100000	0.000000
1.200000	0.000000
1.300000	0.000000
1.400000	0.000000
1.500000	0.000000
1.600000	0.000000
1.700000	0.000000
1.800000	0.000000
1.900000	0.000000
2.000000	0.000000
2.100000	0.000000
2.200000	0.000000
2.300000	13.547758
2.400000	32.571967
2.500000	52.854868
2.600000	73.703551
2.700000	94.886829
2.800000	116.392520
2.900000	138.145864
3.000000	160.112085
3.100000	182.343450
3.200000	204.797881
3.300000	227.447680
3.400000	250.338331
3.500000	273.460856
3.600000	296.819566
3.700000	320.373486
3.800000	344.124520
3.900000	368.086145
4.000000	392.219374
4.100000	416.530453
4.200000	441.052348
4.300000	465.749447
4.400000	490.617089
4.500000	515.702368
4.600000	540.958543
4.700000	566.406101
4.800000	592.005769
4.900000	550.963695
5.000000	465.810293
5.100000	381.015021
5.200000	296.443013
5.300000	212.076053
5.400000	127.917877
5.500000	43.926113
5.600000	-39.792570
5.700000	-123.282731
5.800000	-206.597446
5.900000	-289.728117
6.000000	-372.725665
6.100000	-455.562183
6.200000	-538.152029
6.300000	-598.475625
6.400000	-570.726378
6.500000	-542.933805
6.600000	-515.071871
6.700000	-487.106330
6.800000	-459.048202
6.900000	-430.899585
7.000000	-402.652172
7.100000	-374.281739
7.200000	-345.829499
7.300000	-317.292994
7.400000	-288.720064
7.500000	-260.068707
7.600000	-231.321462
7.700000	-202.498931
7.800000	-173.596672
7.900000	-144.637821
8.000000	-115.636159
8.100000	-86.552023
8.200000	-57.422515
8.300000	-28.217962
8.400000	1.029200
8.500000	30.338293
8.600000	59.712657
8.700000	89.177413
8.800000	118.647910
8.900000	148.158573
9.000000	177.669632
9.100000	207.202882
9.200000	236.790534
9.300000	266.399450
9.400000	296.015456
9.500000	325.639932
9.600000	355.282859
9.700000	384.971361
9.800000	414.650075
9.900000	444.303310
10.000000	473.977627
10.100000	503.673038
10.200000	533.391566
10.300000	563.083133
10.400000	592.713578
10.500000	619.777054
10.600000	625.495576
10.700000	584.689414
10.800000	518.879577
10.900000	450.907387
11.000000	382.999143
11.100000	315.026280
11.200000	247.013396
11.300000	179.067700
11.400000	111.162829
11.500000	43.191609
11.600000	-24.796047
11.700000	-92.706699
11.800000	-160.612639
11.900000	-228.565920
12.000000	-296.539393
12.100000	-364.554173
12.200000	-432.586533
12.300000	-500.704363
12.400000	-567.759026
12.500000	-616.395822
12.600000	-619.501313
12.700000	-595.532025
12.800000	-567.361726
12.900000	-539.143563
13.000000	-510.955371
13.100000	-482.875593
13.200000	-454.976100
13.300000	-427.080007
13.400000	-399.237973
13.500000	-371.602677
13.600000	-344.052204
13.700000	-316.594248
13.800000	-289.275958
13.900000	-262.117515
14.000000	-235.044602
14.100000	-208.008222
14.200000	-181.129812
14.300000	-154.473700
14.400000	-127.882806
14.500000	-101.464331
14.600000	-75.179123
14.700000	-49.053361
14.800000	-22.984727
14.900000	2.865144
15.000000	28.553980
15.100000	54.188115
15.200000	79.673969
15.300000	104.858866
15.400000	129.949699
15.500000	154.965175
15.600000	179.748148
15.700000	204.304996
15.800000	228.749684
15.900000	253.054261
16.000000	277.048360
16.100000	300.949205
16.200000	324.750197
16.300000	348.256539
16.400000	371.543711
16.500000	394.770402
16.600000	417.728295
16.700000	440.403814
16.800000	462.942518
16.900000	485.325262
17.000000	507.446758
17.100000	529.447983
17.200000	551.227661
17.300000	572.763001
17.400000	594.049346
17.500000	537.323589
17.600000	447.196631
17.700000	356.801849
17.800000	266.359389
17.900000	175.790011
18.000000	84.944898
18.100000	-6.069670
18.200000	-97.048236
18.300000	-188.295158
18.400000	-279.757147
18.500000	-371.302333
18.600000	-463.111218
18.700000	-555.024295
18.800000	-580.931606
18.900000	-563.200898
19.000000	-545.804337
19.100000	-528.542229
19.200000	-511.508406
19.300000	-494.732743
19.400000	-478.245961
19.500000	-462.012166
19.600000	-446.041125
19.700000	-430.347058
19.800000	-414.799819
19.900000	-399.614974
20.000000	-384.694526
20.100000	-370.004105
20.200000	-355.597196
20.300000	-341.517722
20.400000	-327.675448
20.500000	-314.095137
20.600000	-300.837582
20.700000	-287.832196
20.800000	-275.047517
20.900000	-262.592630
21.000000	-250.428418
21.100000	-238.504957
21.200000	-226.933774
21.300000	-215.658095
21.400000	-204.530177
21.500000	-193.796282
21.600000	-183.419916
21.700000	-173.213730
21.800000	-163.327633
21.900000	-153.831484
22.000000	-144.550736
22.100000	-135.464107
22.200000	-126.804639
22.300000	-118.445311
22.400000	-110.302915
22.500000	-102.500408
22.600000	-95.016745
22.700000	-87.832197
22.800000	-80.921356
22.900000	-74.388945
23.000000	-67.985923
23.100000	-62.056525
23.200000	-56.434382
23.300000	-50.949486
23.400000	-45.709336
23.500000	-41.009771
23.600000	-36.568228
23.700000	-32.389392
23.800000	-28.536361
23.900000	-25.082504
24.000000	-21.778672
24.100000	-18.930767
24.200000	-16.681317
24.300000	-13.846347
24.400000	-12.133113
24.500000	-10.276404
24.600000	-9.061720
24.700000	-8.141587
24.800000	-7.354185
24.900000	-6.877409
25.000000	-6.582189
25.100000	-6.582189
25.200000	-6.582189
25.300000	-6.582189
25.400000	-6.582189
25.500000	-6.582189
25.600000	-6.582189
25.700000	-6.582189
25.800000	-6.582189
25.900000	-6.582189
26.000000	-6.582189
26.100000	-6.582189
26.200000	-6.582189
26.300000	-6.582189
26.400000	-6.582189
26.500000	-6.582189
26.600000	-6.582189
26.700000	-6.582189
26.800000	-6.582189
26.900000	-6.582189
27.000000	-6.582189
27.100000	-6.582189
27.200000	-6.582189
27.300000	-6.582189
27.400000	-6.582189
27.500000	-6.582189
27.600000	-6.582189
27.700000	-6.582189
27.800000	-6.582189
27.900000	-6.582189
28.000000	-6.582189
28.100000	-6.582189
28.200000	-6.582189
28.300000	-6.582189
28.400000	-6.582189
28.500000	-6.582189
28.600000	-6.582189
28.700000	-6.582189
28.800000	-6.582189
28.900000	-6.582189
29.000000	-6.582189
29.100000	-6.582189
29.200000	-6.582189
29.300000	-6.582189
29.400000	-6.582189
29.500000	-6.582189
29.600000	-6.582189
29.700000	-6.582189
29.800000	-6.582189
29.900000	-6.582189
30.000000	-6.582189
30.100000	-6.582189
30.200000	-6.582189
30.300000	-6.582189
30.400000	-6.582189
30.500000	-6.582189
30.600000	-6.582189
30.700000	-6.582189
30.800000	-6.582189
30.900000	-6.582189
31.000000	-6.582189
31.100000	-6.582189
31.200000	-6.582189
31.300000	-6.582189
31.400000	-6.582189
31.500000	-6.582189
31.600000	-6.582189
31.700000	-6.582189
31.800000	-6.582189
31.900000	-6.582189
32.000000	-6.582189
32.100000	-6.582189
32.200000	-6.582189
32.300000	-6.582189
32.400000	-6.582189
32.500000	-6.582189
32.600000	-6.582189
32.700000	-6.582189
32.800000	-6.582189
32.900000	-6.582189
33.000000	-6.582189
33.100000	-6.582189
33.200000	-6.582189
33.300000	-6.582189
33.400000	-6.582189
33.500000	-6.582189
33.600000	-6.582189
33.700000	-6.582189
33.800000	-6.582189
33.900000	-6.582189
34.000000	-6.582189
34.100000	-6.582189
34.200000	-6.582189
34.300000	-6.582189
34.400000	-6.582189
34.500000	-6.582189
34.600000	-6.582189
34.700000	-6.582189
34.800000	-6.582189
34.900000	-6.582189
35.000000	-6.582189
35.100000	-6.582189
35.200000	-6.582189
35.300000	-6.582189
35.400000	-6.582189
35.500000	-6.582189
35.600000	-6.582189
35.700000	-6.582189
35.800000	-6.582189
35.900000	-6.582189
36.000000	-6.582189
36.100000	-6.582189
36.200000	-6.582189
36.300000	-6.582189
36.400000	-6.582189
36.500000	-6.582189
36.600000	-6.582189
36.700000	-6.582189
36.800000	-6.582189
36.900000	-6.582189
37.000000	-6.582189
37.100000	-6.582189
37.200000	-6.582189
37.300000	-6.582189
37.400000	-6.582189
37.500000	-6.582189
37.600000	-6.582189
37.700000	-6.582189
37.800000	-6.582189
37.900000	-6.582189
38.000000	-6.582189
38.100000	-6.582189
38.200000	-6.582189
38.300000	-6.582189
38.400000	-6.582189
38.500000	-6.582189
38.600000	-6.582189
38.700000	-6.582189
38.800000	-6.582189
38.900000	-6.582189
39.000000	-6.582189
39.100000	-6.582189
39.200000	-6.582189
39.300000	-6.582189
39.400000	-6.582189
39.500000	-6.582189
39.600000	-6.582189
39.700000	-6.582189
39.800000	-6.582189
39.900000	-6.582189
40.000000	-6.582189
40.100000	-6.582189
40.200000	-6.582189
40.300000	-6.582189
40.400000	-6.582189
40.500000	-6.582189
40.600000	-6.582189
40.700000	-6.582189
40.800000	-6.582189
40.900000	-6.582189
41.000000	-6.582189
41.100000	-6.582189
41.200000	-6.582189
41.300000	-6.582189
41.400000	-6.582189
41.500000	-6.582189
41.600000	-6.582189
41.700000	-6.582189
41.800000	-6.582189
41.900000	-6.582189
42.000000	-6.582189
42.100000	-6.582189
42.200000	-6.582189
42.300000	-6.582189
42.400000	-6.582189
42.500000	-6.582189
42.600000	-6.582189
42.700000	-6.582189
42.800000	-6.582189
42.900000	-6.582189
43.000000	-6.582189
43.100000	-6.582189
43.200000	-6.582189
43.300000	-6.582189
43.400000	-6.582189
43.500000	-6.582189
43.600000	-6.582189
43.700000	-6.582189
43.800000	-6.582189
43.900000	-6.582189
44.000000	-6.582189
44.100000	-6.582189
44.200000	-6.582189
44.300000	-6.582189
44.400000	-6.582189
44.500000	-6.582189
44.600000	-6.582189
44.700000	-6.582189
44.800000	-6.582189
44.900000	-6.582189
45.000000	-6.582189
45.100000	-6.582189
45.200000	-6.582189
45.300000	-6.582189
45.400000	-6.582189
45.500000	-6.582189
45.600000	-6.582189
45.700000	-6.582189
45.800000	-6.582189
45.900000	-6.582189
46.000000	-6.582189
46.100000	-6.582189
46.200000	-6.582189
46.300000	-6.582189
46.400000	-6.582189
46.500000	-6.582189
46.600000	-6.582189
46.700000	-6.582189
46.800000	-6.582189
46.900000	-6.582189
47.000000	-6.582189
47.100000	-6.582189
47.200000	-6.582189
47.300000	-6.582189
47.400000	-6.582189
47.500000	-6.582189
47.600000	-6.582189
47.700000	-6.582189
47.800000	-6.582189
47.900000	-6.582189
48.000000	-6.582189
48.100000	-6.582189
48.200000	-6.582189
48.300000	-6.582189
48.400000	-6.582189
48.500000	-6.582189
48.600000	-6.582189
48.700000	-6.582189
48.800000	-6.582189
48.900000	-6.582189
49.000000	-6.582189
49.100000	-6.582189
49.200000	-6.582189
49.300000	-6.582189
49.400000	-6.582189
49.500000	-6.582189
49.600000	-6.582189
49.700000	-6.582189
49.800000	-6.582189
49.900000	-6.582189
50.000000	-6.582189
50.100000	-6.582189
50.200000	-6.582189
50.300000	-6.582189
50.400000	-6.582189
50.500000	-6.582189
50.600000	-6.582189
50.700000	-6.582189
50.800000	-6.582189
50.900000	-6.582189
51.000000	-6.582189
51.100000	-6.582189
51.200000	-6.582189
51.300000	-6.582189
51.400000	-6.582189
51.500000	-6.582189
51.600000	-6.582189
51.700000	-6.582189
51.800000	-6.582189
51.900000	-6.582189
52.000000	-6.582189
52.100000	-6.582189
52.200000	-6.582189
52.300000	6.970992
52.400000	25.996208
52.500000	46.279329
52.600000	67.128013
52.700000	88.311246
52.800000	109.816878
52.900000	131.570160
53.000000	153.536296
53.100000	175.767588
53.200000	198.221949
53.300000	220.871680
53.400000	243.762254
53.500000	266.884697
53.600000	290.243333
53.700000	313.797181
53.800000	337.548143
53.900000	361.509685
54.000000	385.642832
54.100000	409.953834
54.200000	434.475655
54.300000	459.172679
54.400000	484.040241
54.500000	509.114398
54.600000	534.370504
54.700000	559.817988
54.800000	585.417582
54.900000	566.618041
55.000000	481.407620
55.100000	396.595800
55.200000	312.012187
55.300000	227.635394
55.400000	143.468024
55.500000	59.467295
55.600000	-24.286334
55.700000	-107.785288
55.800000	-191.108802
55.900000	-274.248273
56.000000	-357.254619
56.100000	-440.099932
56.200000	-522.724199
56.300000	-605.069051
56.400000	-577.289324
56.500000	-549.486034
56.600000	-521.620386
56.700000	-493.664477
56.800000	-465.605956
56.900000	-437.457260
57.000000	-409.209887
57.100000	-380.839524
57.200000	-352.387362
57.300000	-323.850940
57.400000	-295.278094
57.500000	-266.626821
57.600000	-237.879661
57.700000	-209.057229
57.800000	-180.155062
57.900000	-151.196299
58.000000	-122.194723
58.100000	-93.110673
58.200000	-63.981251
58.300000	-34.776784
58.400000	-5.531437
58.500000	23.768277
58.600000	53.142548
58.700000	82.607212
58.800000	112.077621
58.900000	141.588195
59.000000	171.099167
59.100000	200.632331
59.200000	230.219895
59.300000	259.828723
59.400000	289.444642
59.500000	319.069031
59.600000	348.711870
59.700000	378.400278
59.800000	408.078895
59.900000	437.732039
60.000000	467.406268
60.100000	497.095435
60.200000	526.809011
60.300000	556.500494
60.400000	586.130854
60.500000	613.194332
60.600000	618.913591
60.700000	578.109774
60.800000	512.303139
60.900000	444.345230
61.000000	376.440249
61.100000	308.470662
61.200000	240.461045
61.300000	172.518614
61.400000	104.617007
61.500000	36.649050
61.600000	-31.324359
61.700000	-99.231762
61.800000	-167.134452
61.900000	-235.084482
62.000000	-303.054705
62.100000	-371.066228
62.200000	-439.095332
62.300000	-507.199115
62.400000	-574.250585
62.500000	-622.884805
62.600000	-625.989295
62.700000	-602.019926
62.800000	-573.849704
62.900000	-545.631624
63.000000	-517.443515
63.100000	-489.374597
63.200000	-461.475180
63.300000	-433.579168
63.400000	-405.737215
63.500000	-378.102000
63.600000	-350.551609
63.700000	-323.093733
63.800000	-295.775524
63.900000	-268.617160
64.000000	-241.544327
64.100000	-214.508026
64.200000	-187.629694
64.300000	-160.973661
64.400000	-134.382846
64.500000	-107.964448
64.600000	-81.679312
64.700000	-55.553619
64.800000	-29.485061
64.900000	-3.640078
65.000000	22.042570
65.100000	47.676630
65.200000	73.162409
65.300000	98.347232
65.400000	123.437992
65.500000	148.453394
65.600000	173.236294
65.700000	197.793069
65.800000	222.237686
65.900000	246.542198
66.000000	270.536230
66.100000	294.437005
66.200000	318.237927
66.300000	341.744199
66.400000	365.031302
66.500000	388.257926
66.600000	411.215751
66.700000	433.891203
66.800000	456.429840
66.900000	478.812523
67.000000	500.923026
67.100000	522.924193
67.200000	544.703807
67.300000	566.239083
67.400000	587.525365
67.500000	564.166540
67.600000	473.975270
67.700000	383.565101
67.800000	293.107345
67.900000	202.522673
68.000000	111.662226
68.100000	20.622151
68.200000	-70.406270
68.300000	-161.668466
68.400000	-253.145703
68.500000	-344.706146
68.600000	-436.530304
68.700000	-528.502679
68.800000	-587.421675
68.900000	-569.688290
69.000000	-552.291774
69.100000	-535.029718
69.200000	-517.995946
69.300000	-501.229071
69.400000	-484.744376
69.500000	-468.510629
69.600000	-452.539636
69.700000	-436.845616
69.800000	-421.298423
69.900000	-406.113616
70.000000	-391.193212
70.100000	-376.502835
70.200000	-362.095969
70.300000	-348.016537
70.400000	-334.174304
70.500000	-320.594034
70.600000	-307.336518
70.700000	-294.331171
70.800000	-281.546530
70.900000	-269.091674
71.000000	-256.927498
71.100000	-245.004072
71.200000	-233.432924
71.300000	-222.157279
71.400000	-211.029394
71.500000	-200.295531
71.600000	-189.919196
71.700000	-179.713040
71.800000	-169.826972
71.900000	-160.330852
72.000000	-151.050132
72.100000	-141.963530
72.200000	-133.304081
72.300000	-124.944779
72.400000	-116.802407
72.500000	-108.999923
72.600000	-101.516282
72.700000	-94.331756
72.800000	-87.420936
72.900000	-80.888544
73.000000	-74.485542
73.100000	-68.556161
73.200000	-62.934036
73.300000	-57.449156
73.400000	-52.209027
73.500000	-47.509476
73.600000	-43.067946
73.700000	-38.889118
73.800000	-35.036099
73.900000	-31.582251
74.000000	-28.278429
74.100000	-25.430533
74.200000	-23.181090
74.300000	-20.346128
74.400000	-18.632898
74.500000	-16.775522
74.600000	-15.567227
74.700000	-14.507633
74.800000	-13.902313
74.900000	-13.171195
75.000000	-13.171195
75.100000	-13.171195
75.200000	-13.171195
75.300000	-13.171195
75.400000	-13.171195
75.500000	-13.171195
75.600000	-13.171195
75.700000	-13.171195
75.800000	-13.171195
75.900000	-13.171195
76.000000	-13.171195
76.100000	-13.171195
76.200000	-13.171195
76.300000	-13.171195
76.400000	-13.171195
76.500000	-13.171195
76.600000	-13.171195
76.700000	-13.171195
76.800000	-13.171195
76.900000	-13.171195
77.000000	-13.171195
77.100000	-13.171195
77.200000	-13.171195
77.300000	-13.171195
77.400000	-13.171195
77.500000	-13.171195
77.600000	-13.171195
77.700000	-13.171195
77.800000	-13.171195
77.900000	-13.171195
78.000000	-13.171195
78.100000	-13.171195
78.200000	-13.171195
78.300000	-13.171195
78.400000	-13.171195
78.500000	-13.171195
78.600000	-13.171195
78.700000	-13.171195
78.800000	-13.171195
78.900000	-13.171195
79.000000	-13.171195
79.100000	-13.171195
79.200000	-13.171195
79.300000	-13.171195
79.400000	-13.171195
79.500000	-13.171195
79.600000	-13.171195
79.700000	-13.171195
79.800000	-13.171195
79.900000	-13.171195
80.000000	-13.171195
80.100000	-13.171195
80.200000	-13.171195
80.300000	-13.171195
80.400000	-13.171195
80.500000	-13.171195
80.600000	-13.171195
80.700000	-13.171195
80.800000	-13.171195
80.900000	-13.171195
81.000000	-13.171195
81.100000	-13.171195
81.200000	-13.171195
81.300000	-13.171195
81.400000	-13.171195
81.500000	-13.171195
81.600000	-13.171195
81.700000	-13.171195
81.800000	-13.171195
81.900000	-13.171195
82.000000	-13.171195
82.100000	-13.171195
82.200000	-13.171195
82.300000	-13.171195
82.400000	-13.171195
82.500000	-13.171195
82.600000	-13.171195
82.700000	-13.171195
82.800000	-13.171195
82.900000	-13.171195
83.000000	-13.171195
83.100000	-13.171195
83.200000	-13.171195
83.300000	-13.171195
83.400000	-13.171195
83.500000	-13.171195
83.600000	-13.171195
83.700000	-13.171195
83.800000	-13.171195
83.900000	-13.171195
84.000000	-13.171195
84.100000	-13.171195
84.200000	-13.171195
84.300000	-13.171195
84.400000	-13.171195
84.500000	-13.171195
84.600000	-13.171195
84.700000	-13.171195
84.800000	-13.171195
84.900000	-13.171195
85.000000	-13.171195
85.100000	-13.171195
85.200000	-13.171195
85.300000	-13.171195
85.400000	-13.171195
85.500000	-13.171195
85.600000	-13.171195
85.700000	-13.171195
85.800000	-13.171195
85.900000	-13.171195
86.000000	-13.171195
86.100000	-13.171195
86.200000	-13.171195
86.300000	-13.171195
86.400000	-13.171195
86.500000	-13.171195
86.600000	-13.171195
86.700000	-13.171195
86.800000	-13.171195
86.900000	-13.171195
87.000000	-13.171195
87.100000	-13.171195
87.200000	-13.171195
87.300000	-13.171195
87.400000	-13.171195
87.500000	-13.171195
87.600000	-13.171195
87.700000	-13.171195
87.800000	-13.171195
87.900000	-13.171195
88.000000	-13.171195
88.100000	-13.171195
88.200000	-13.171195
88.300000	-13.171195
88.400000	-13.171195
88.500000	-13.171195
88.600000	-13.171195
88.700000	-13.171195
88.800000	-13.171195
88.900000	-13.171195
89.000000	-13.171195
89.100000	-13.171195
89.200000	-13.171195
89.300000	-13.171195
89.400000	-13.171195
89.500000	-13.171195
89.600000	-13.171195
89.700000	-13.171195
89.800000	-13.171195
89.900000	-13.171195
90.000000	-13.171195
90.100000	-13.171195
90.200000	-13.171195
90.300000	-13.171195
90.400000	-13.171195
90.500000	-13.171195
90.600000	-13.171195
90.700000	-13.171195
90.800000	-13.171195
90.900000	-13.171195
91.000000	-13.171195
91.100000	-13.171195
91.200000	-13.171195
91.300000	-13.171195
91.400000	-13.171195
91.500000	-13.171195
91.600000	-13.171195
91.700000	-13.171195
91.800000	-13.171195
91.900000	-13.171195
92.000000	-13.171195
92.100000	-13.171195
92.200000	-13.171195
92.300000	-13.171195
92.400000	-13.171195
92.500000	-13.171195
92.600000	-13.171195
92.700000	-13.171195
92.800000	-13.171195
92.900000	-13.171195
93.000000	-13.171195
93.100000	-13.171195
93.200000	-13.171195
93.300000	-13.171195
93.400000	-13.171195
93.500000	-13.171195
93.600000	-13.171195
93.700000	-13.171195
93.800000	-13.171195
93.900000	-13.171195
94.000000	-13.171195
94.100000	-13.171195
94.200000	-13.171195
94.300000	-13.171195
94.400000	-13.171195
94.500000	-13.171195
94.600000	-13.171195
94.700000	-13.171195
94.800000	-13.171195
94.900000	-13.171195
95.000000	-13.171195
95.100000	-13.171195
95.200000	-13.171195
95.300000	-13.171195
95.400000	-13.171195
95.500000	-13.171195
95.600000	-13.171195
95.700000	-13.171195
95.800000	-13.171195
95.900000	-13.171195
96.000000	-13.171195
96.100000	-13.171195
96.200000	-13.171195
96.300000	-13.171195
96.400000	-13.171195
96.500000	-13.171195
96.600000	-13.171195
96.700000	-13.171195
96.800000	-13.171195
96.900000	-13.171195
97.000000	-13.171195
97.100000	-13.171195
97.200000	-13.171195
97.300000	-13.171195
97.400000	-13.171195
97.500000	-13.171195
97.600000	-13.171195
97.700000	-13.171195
97.800000	-13.171195
97.900000	-13.171195
98.000000	-13.171195
98.100000	-13.171195
98.200000	-13.171195
98.300000	-13.171195
98.400000	-13.171195
98.500000	-13.171195
98.600000	-13.171195
98.700000	-13.171195
98.800000	-13.171195
98.900000	-13.171195
99.000000	-13.171195
99.100000	-13.171195
99.200000	-13.171195
99.300000	-13.171195
99.400000	-13.171195
99.500000	-13.171195
99.600000	-13.171195
99.700000	-13.171195
99.800000	-13.171195
99.900000	-13.171195
100.000000	-13.171195
100.100000	-13.171195
100.200000	-13.171195
100.300000	-13.171195
100.400000	-13.171195
100.500000	-13.171195
100.600000	-13.171195
100.700000	-13.171195
100.800000	-13.171195
100.900000	-13.171195
101.000000	-13.171195
101.100000	-13.171195
101.200000	-13.171195
101.300000	-13.171195
101.400000	-13.171195
101.500000	-13.171195
101.600000	-13.171195
101.700000	-13.171195
101.800000	-13.171195
101.900000	-13.171195
102.000000	-13.171195
102.100000	-13.171195
102.200000	-13.171195
102.300000	0.387342
102.400000	19.413619
102.500000	39.696973
102.600000	60.545662
102.700000	81.728851
102.800000	103.234426
102.900000	124.987644
103.000000	146.953697
103.100000	169.184916
103.200000	191.639207
103.300000	214.288869
103.400000	237.179369
103.500000	260.301727
103.600000	283.660288
103.700000	307.214064
103.800000	330.964955
103.900000	354.926416
104.000000	379.059478
104.100000	403.370404
104.200000	427.892150
104.300000	452.589101
104.400000	477.456583
104.500000	502.519599
104.600000	527.775640
104.700000	553.223052
104.800000	578.822570
104.900000	593.405039
105.000000	508.105381
105.100000	423.249847
105.200000	338.645784
105.300000	254.251932
105.400000	170.068725
105.500000	86.052620
105.600000	2.242939
105.700000	-81.274815
105.800000	-164.613376
105.900000	-247.767896
106.000000	-330.789290
106.100000	-413.649648
106.200000	-496.326724
106.300000	-578.692602
106.400000	-583.897053
106.500000	-556.072800
106.600000	-528.199832
106.700000	-500.251928
106.800000	-472.192987
106.900000	-444.044055
107.000000	-415.796671
107.100000	-387.426359
107.200000	-358.974271
107.300000	-330.437929
107.400000	-301.865167
107.500000	-273.213979
107.600000	-244.466904
107.700000	-215.644569
107.800000	-186.742496
107.900000	-157.783821
108.000000	-128.782332
108.100000	-99.698368
108.200000	-70.569033
108.300000	-41.364653
108.400000	-12.119392
108.500000	17.169163
108.600000	46.543343
108.700000	76.007915
108.800000	105.478234
108.900000	134.988720
109.000000	164.499605
109.100000	194.032680
109.200000	223.620157
109.300000	253.228897
109.400000	282.844729
109.500000	312.469030
109.600000	342.111781
109.700000	371.800096
109.800000	401.478616
109.900000	431.131667
110.000000	460.805807
110.100000	490.494885
110.200000	520.197302
110.300000	549.888702
110.400000	579.518976
110.500000	606.582458
110.600000	612.302456
110.700000	571.500996
110.800000	505.697576
110.900000	437.754010
111.000000	369.852308
111.100000	301.886011
111.200000	233.879676
111.300000	165.940525
111.400000	98.042195
111.500000	30.077516
111.600000	-37.881582
111.700000	-105.785722
111.800000	-173.685147
111.900000	-241.631913
112.000000	-309.598871
112.100000	-377.607122
112.200000	-445.632956
112.300000	-513.722632
112.400000	-580.770893
112.500000	-629.402526
112.600000	-632.506006
112.700000	-608.536558
112.800000	-580.366415
112.900000	-552.148417
113.000000	-523.960391
113.100000	-495.902386
113.200000	-468.003043
113.300000	-440.107111
113.400000	-412.265240
113.500000	-384.630107
113.600000	-357.079796
113.700000	-329.622002
113.800000	-302.303873
113.900000	-275.145590
114.000000	-248.072836
114.100000	-221.036615
114.200000	-194.158363
114.300000	-167.502408
114.400000	-140.911671
114.500000	-114.493351
114.600000	-88.208287
114.700000	-62.082664
114.800000	-36.014183
114.900000	-10.169276
115.000000	15.502322
115.100000	41.136309
115.200000	66.622013
115.300000	91.806761
115.400000	116.897447
115.500000	141.912774
115.600000	166.695601
115.700000	191.252304
115.800000	215.696848
115.900000	240.001297
116.000000	263.995261
116.100000	287.895965
116.200000	311.696816
116.300000	335.203019
116.400000	358.490053
116.500000	381.716608
116.600000	404.674365
116.700000	427.349750
116.800000	449.888320
116.900000	472.270942
117.000000	494.379837
117.100000	516.371511
117.200000	538.151061
117.300000	559.686272
117.400000	580.972491
117.500000	590.994914
117.600000	500.731083
117.700000	410.304177
117.800000	319.831139
117.900000	229.231187
118.000000	138.355423
118.100000	47.300067
118.200000	-43.788365
118.300000	-135.065826
118.400000	-226.558294
118.500000	-318.133968
118.600000	-409.973393
118.700000	-502.005034
118.800000	-582.944276
118.900000	-565.203590
119.000000	-547.807022
119.100000	-530.544930
119.200000	-513.511123
119.300000	-496.738802
119.400000	-480.252035
119.500000	-464.018254
119.600000	-448.047228
119.700000	-432.353176
119.800000	-416.805951
119.900000	-401.621118
120.000000	-386.700683
120.100000	-372.010276
120.200000	-357.603380
120.300000	-343.523919
120.400000	-329.681658
120.500000	-316.101360
120.600000	-302.843816
120.700000	-289.838442
120.800000	-277.053776
120.900000	-264.598898
121.000000	-252.434697
121.100000	-240.511247
121.200000	-228.940075
121.300000	-217.664406
121.400000	-206.536498
121.500000	-195.802613
121.600000	-185.426257
121.700000	-175.220080
121.800000	-165.333992
121.900000	-155.837852
122.000000	-146.557113
122.100000	-137.470492
122.200000	-128.811030
122.300000	-120.451710
122.400000	-112.309321
122.500000	-104.506821
122.600000	-97.023165
122.700000	-89.838624
122.800000	-82.927789
122.900000	-76.395384
123.000000	-69.992368
123.100000	-64.062975
123.200000	-58.440838
123.300000	-52.955947
123.400000	-47.715804
123.500000	-43.016243
123.600000	-38.574704
123.700000	-34.395871
123.800000	-30.542843
123.900000	-27.088989
124.000000	-23.785160
124.100000	-20.937258
124.200000	-18.687810
124.300000	-15.852842
124.400000	-14.139609
124.500000	-12.282691
124.600000	-11.069989
124.700000	-10.091332
124.800000	-9.425509
124.900000	-8.813098
125.000000	-8.664227
125.100000	-8.664227
125.200000	-8.664227
125.300000	-8.664227
125.400000	-8.664227
125.500000	-8.664227
125.600000	-8.664227
125.700000	-8.664227
125.800000	-8.664227
125.900000	-8.664227
126.000000	-8.664227
126.100000	-8.664227
126.200000	-8.664227
126.300000	-8.664227
126.400000	-8.664227
126.500000	-8.664227
126.600000	-8.664227
126.700000	-8.664227
126.800000	-8.664227
126.900000	-8.664227
127.000000	-8.664227
127.100000	-8.664227
127.200000	-8.664227
127.300000	-8.664227
127.400000	-8.664227
127.500000	-8.664227
127.600000	-8.664227
127.700000	-8.664227
127.800000	-8.664227
127.900000	-8.664227
128.000000	-8.664227
128.100000	-8.664227
128.200000	-8.664227
128.300000	-8.664227
128.400000	-8.664227
128.500000	-8.664227
128.600000	-8.664227
128.700000	-8.664227
128.800000	-8.664227
128.900000	-8.664227
129.000000	-8.664227
129.100000	-8.664227
129.200000	-8.664227
129.300000	-8.664227
129.400000	-8.664227
129.500000	-8.664227
129.600000	-8.664227
129.700000	-8.664227
129.800000	-8.664227
129.900000	-8.664227
130.000000	-8.664227
130.100000	-8.664227
130.200000	-8.664227
130.300000	-8.664227
130.400000	-8.664227
130.500000	-8.664227
130.600000	-8.664227
130.700000	-8.664227
130.800000	-8.664227
130.900000	-8.664227
131.000000	-8.664227
131.100000	-8.664227
131.200000	-8.664227
131.300000	-8.664227
131.400000	-8.664227
131.500000	-8.664227
131.600000	-8.664227
131.700000	-8.664227
131.800000	-8.664227
131.900000	-8.664227
132.000000	-8.664227
132.100000	-8.664227
132.200000	-8.664227
132.300000	-8.664227
132.400000	-8.664227
132.500000	-8.664227
132.600000	-8.664227
132.700000	-8.664227
132.800000	-8.664227
132.900000	-8.664227
133.000000	-8.664227
133.100000	-8.664227
133.200000	-8.664227
133.300000	-8.664227
133.400000	-8.664227
133.500000	-8.664227
133.600000	-8.664227
133.700000	-8.664227
133.800000	-8.664227
133.900000	-8.664227
134.000000	-8.664227
134.100000	-8.664227
134.200000	-8.664227
134.300000	-8.664227
134.400000	-8.664227
134.500000	-8.664227
134.600000	-8.664227
134.700000	-8.664227
134.800000	-8.664227
134.900000	-8.664227
135.000000	-8.664227
135.100000	-8.664227
135.200000	-8.664227
135.300000	-8.664227
135.400000	-8.664227
135.500000	-8.664227
135.600000	-8.664227
135.700000	-8.664227
135.800000	-8.664227
135.900000	-8.664227
136.000000	-8.664227
136.100000	-8.664227
136.200000	-8.664227
136.300000	-8.664227
136.400000	-8.664227
136.500000	-8.664227
136.600000	-8.664227
136.700000	-8.664227
136.800000	-8.664227
136.900000	-8.664227
137.000000	-8.664227
137.100000	-8.664227
137.200000	-8.664227
137.300000	-8.664227
137.400000	-8.664227
137.500000	-8.664227
137.600000	-8.664227
137.700000	-8.664227
137.800000	-8.664227
137.900000	-8.664227
138.000000	-8.664227
138.100000	-8.664227
138.200000	-8.664227
138.300000	-8.664227
138.400000	-8.664227
138.500000	-8.664227
138.600000	-8.664227
138.700000	-8.664227
138.800000	-8.664227
138.900000	-8.664227
139.000000	-8.664227
139.100000	-8.664227
139.200000	-8.664227
139.300000	-8.664227
139.400000	-8.664227
139.500000	-8.664227
139.600000	-8.664227
139.700000	-8.664227
139.800000	-8.664227
139.900000	-8.664227
140.000000	-8.664227
140.100000	-8.664227
140.200000	-8.664227
140.300000	-8.664227
140.400000	-8.664227
140.500000	-8.664227
140.600000	-8.664227
140.700000	-8.664227
140.800000	-8.664227
140.900000	-8.664227
141.000000	-8.664227
141.100000	-8.664227
141.200000	-8.664227
141.300000	-8.664227
141.400000	-8.664227
141.500000	-8.664227
141.600000	-8.664227
141.700000	-8.664227
141.800000	-8.664227
141.900000	-8.664227
142.000000	-8.664227
142.100000	-8.664227
142.200000	-8.664227
142.300000	-8.664227
142.400000	-8.664227
142.500000	-8.664227
142.600000	-8.664227
142.700000	-8.664227
142.800000	-8.664227
142.900000	-8.664227
143.000000	-8.664227
143.100000	-8.664227
143.200000	-8.664227
143.300000	-8.664227
143.400000	-8.664227
143.500000	-8.664227
143.600000	-8.664227
143.700000	-8.664227
143.800000	-8.664227
143.900000	-8.664227
144.000000	-8.664227
144.100000	-8.664227
144.200000	-8.664227
144.300000	-8.664227
144.400000	-8.664227
144.500000	-8.664227
144.600000	-8.664227
144.700000	-8.664227
144.800000	-8.664227
144.900000	-8.664227
145.000000	-8.664227
145.100000	-8.664227
145.200000	-8.664227
145.300000	-8.664227
145.400000	-8.664227
145.500000	-8.664227
145.600000	-8.664227
145.700000	-8.664227
145.800000	-8.664227
145.900000	-8.664227
146.000000	-8.664227
146.100000	-8.664227
146.200000	-8.664227
146.300000	-8.664227
146.400000	-8.664227
146.500000	-8.664227
146.600000	-8.664227
146.700000	-8.664227
146.800000	-8.664227
146.900000	-8.664227
147.000000	-8.664227
147.100000	-8.664227
147.200000	-8.664227
147.300000	-8.664227
147.400000	-8.664227
147.500000	-8.664227
147.600000	-8.664227
147.700000	-8.664227
147.800000	-8.664227
147.900000	-8.664227
148.000000	-8.664227
148.100000	-8.664227
148.200000	-8.664227
148.300000	-8.664227
148.400000	-8.664227
148.500000	-8.664227
148.600000	-8.664227
148.700000	-8.664227
148.800000	-8.664227
148.900000	-8.664227
149.000000	-8.664227
149.100000	-8.664227
149.200000	-8.664227
149.300000	-8.664227
149.400000	-8.664227
149.500000	-8.664227
149.600000	-8.664227
149.700000	-8.664227
149.800000	-8.664227
149.900000	-8.664227
150.000000	-8.664227
150.100000	-8.664227
150.200000	-8.664227
150.300000	-8.664227
150.400000	-8.664227
150.500000	-8.664227
150.600000	-8.664227
150.700000	-8.664227
150.800000	-8.664227
150.900000	-8.664227
151.000000	-8.664227
151.100000	-8.664227
151.200000	-8.664227
151.300000	-8.664227
151.400000	-8.664227
151.500000	-8.664227
151.600000	-8.664227
151.700000	-8.664227
151.800000	-8.664227
151.900000	-8.664227
152.000000	-8.664227
152.100000	-8.664227
152.200000	-8.664227
152.300000	4.890654
152.400000	23.916200
152.500000	44.199392
152.600000	65.048078
152.700000	86.231297
152.800000	107.736911
152.900000	129.490173
153.000000	151.456282
153.100000	173.687551
153.200000	196.141890
153.300000	218.791599
153.400000	241.682150
153.500000	264.804566
153.600000	288.163178
153.700000	311.717003
153.800000	335.467943
153.900000	359.429460
154.000000	383.562580
154.100000	407.873558
154.200000	432.395355
154.300000	457.092356
154.400000	481.959893
154.500000	507.030530
154.600000	532.286615
154.700000	557.734076
154.800000	583.333646
154.900000	575.658631
155.000000	490.415146
155.100000	405.593728
155.200000	321.003412
155.300000	236.620925
155.400000	152.448239
155.500000	68.442330
155.600000	-15.331485
155.700000	-98.835515
155.800000	-182.164109
155.900000	-265.308661
156.000000	-348.320087
156.100000	-431.170480
156.200000	-513.814629
156.300000	-596.164523
156.400000	-579.377884
156.500000	-551.568318
156.600000	-523.700481
156.700000	-495.747278
156.800000	-467.688508
156.900000	-439.539743
157.000000	-411.292368
157.100000	-382.922022
157.200000	-354.469884
157.300000	-325.933487
157.400000	-297.360667
157.500000	-268.709422
157.600000	-239.962288
157.700000	-211.139887
157.800000	-182.237749
157.900000	-153.279014
158.000000	-124.277466
158.100000	-95.193443
158.200000	-66.064049
158.300000	-36.859609
158.400000	-7.614289
158.500000	21.681897
158.600000	51.056139
158.700000	80.520774
158.800000	109.991154
158.900000	139.501701
159.000000	169.012645
159.100000	198.545781
159.200000	228.133317
159.300000	257.742118
159.400000	287.358009
159.500000	316.982370
159.600000	346.625181
159.700000	376.313559
159.800000	405.992146
159.900000	435.645261
160.000000	465.319461
160.100000	495.008601
160.200000	524.718649
160.300000	554.410106
160.400000	584.040438
160.500000	611.103918
160.600000	616.823410
160.700000	576.020339
160.800000	510.214719
160.900000	442.261345
161.000000	374.357401
161.100000	306.388854
161.200000	238.380275
161.300000	170.438881
161.400000	102.538310
161.500000	34.571389
161.600000	-33.397495
161.700000	-101.303866
161.800000	-169.205524
161.900000	-237.154522
162.000000	-305.123713
162.100000	-373.134202
162.200000	-441.162272
162.300000	-509.261594
162.400000	-576.312050
162.500000	-624.945453
162.600000	-628.049623
162.700000	-604.080229
162.800000	-575.910032
162.900000	-547.691977
163.000000	-519.503895
163.100000	-491.438427
163.200000	-463.539033
163.300000	-435.643047
163.400000	-407.801120
163.500000	-380.165931
163.600000	-352.615565
163.700000	-325.157715
163.800000	-297.839531
163.900000	-270.681193
164.000000	-243.608384
164.100000	-216.572109
164.200000	-189.693803
164.300000	-163.037794
164.400000	-136.447003
164.500000	-110.028630
164.600000	-83.743518
164.700000	-57.617846
164.800000	-31.549313
164.900000	-5.704354
165.000000	19.974801
165.100000	45.608838
165.200000	71.094593
165.300000	96.279393
165.400000	121.370129
165.500000	146.385507
165.600000	171.168384
165.700000	195.725136
165.800000	220.169730
165.900000	244.474222
166.000000	268.468233
166.100000	292.368986
166.200000	316.169885
166.300000	339.676135
166.400000	362.963217
166.500000	386.189818
166.600000	409.147622
166.700000	431.823053
166.800000	454.361668
166.900000	476.744332
167.000000	498.853269
167.100000	520.852493
167.200000	542.632086
167.300000	564.167342
167.400000	585.453604
167.500000	573.219639
167.600000	483.005187
167.700000	392.589807
167.800000	302.126894
167.900000	211.537064
168.000000	120.671447
168.100000	29.626214
168.200000	-61.422460
168.300000	-152.689808
168.400000	-244.172186
168.500000	-335.737769
168.600000	-427.567080
168.700000	-519.559455
168.800000	-578.482011
168.900000	-560.748565
169.000000	-543.351978
169.100000	-526.089851
169.200000	-509.056009
169.300000	-492.276253
169.400000	-475.789452
169.500000	-459.555639
169.600000	-443.584580
169.700000	-427.890496
169.800000	-412.343239
169.900000	-397.158380
170.000000	-382.237915
170.100000	-367.547477
170.200000	-353.140552
170.300000	-339.061062
170.400000	-325.218773
170.500000	-311.638447
170.600000	-298.380877
170.700000	-285.375476
170.800000	-272.590783
170.900000	-260.135885
171.000000	-247.971658
171.100000	-236.048184
171.200000	-224.476988
171.300000	-213.201296
171.400000	-202.073366
171.500000	-191.339458
171.600000	-180.963081
171.700000	-170.756883
171.800000	-160.870775
171.900000	-151.374615
172.000000	-142.093857
172.100000	-133.007218
172.200000	-124.347742
172.300000	-115.988405
172.400000	-107.846000
172.500000	-100.043483
172.600000	-92.559812
172.700000	-85.375256
172.800000	-78.464407
172.900000	-71.931988
173.000000	-65.528960
173.100000	-59.599555
173.200000	-53.977406
173.300000	-48.492503
173.400000	-43.252346
173.500000	-38.552775
173.600000	-34.111227
173.700000	-29.932387
173.800000	-26.079353
173.900000	-22.625492
174.000000	-19.321656
174.100000	-16.473749
174.200000	-14.224295
174.300000	-11.389322
174.400000	-9.676086
174.500000	-7.819632
174.600000	-6.602553
174.700000	-5.344044
174.800000	-4.985944
174.900000	-4.344299
175.000000	-4.247226
175.100000	-4.247226
175.200000	-4.247226
175.300000	-4.247226
175.400000	-4.247226
175.500000	-4.247226
175.600000	-4.247226
175.700000	-4.247226
175.800000	-4.247226
175.900000	-4.247226
176.000000	-4.247226
176.100000	-4.247226
176.200000	-4.247226
176.300000	-4.247226
176.400000	-4.247226
176.500000	-4.247226
176.600000	-4.247226
176.700000	-4.247226
176.800000	-4.247226
176.900000	-4.247226
177.000000	-4.247226
177.100000	-4.247226
177.200000	-4.247226
177.300000	-4.247226
177.400000	-4.247226
177.500000	-4.247226
177.600000	-4.247226
177.700000	-4.247226
177.800000	-4.247226
177.900000	-4.247226
178.000000	-4.247226
178.100000	-4.247226
178.200000	-4.247226
178.300000	-4.247226
178.400000	-4.247226
178.500000	-4.247226
178.600000	-4.247226
178.700000	-4.247226
178.800000	-4.247226
178.900000	-4.247226
179.000000	-4.247226
179.100000	-4.247226
179.200000	-4.247226
179.300000	-4.247226
179.400000	-4.247226
179.500000	-4.247226
179.600000	-4.247226
179.700000	-4.247226
179.800000	-4.247226
179.900000	-4.247226
180.000000	-4.247226
180.100000	-4.247226
180.200000	-4.247226
180.300000	-4.247226
180.400000	-4.247226
180.500000	-4.247226
180.600000	-4.247226
180.700000	-4.247226
180.800000	-4.247226
180.900000	-4.247226
181.000000	-4.247226
181.100000	-4.247226
181.200000	-4.247226
181.300000	-4.247226
181.400000	-4.247226
181.500000	-4.247226
181.600000	-4.247226
181.700000	-4.247226
181.800000	-4.247226
181.900000	-4.247226
182.000000	-4.247226
182.100000	-4.247226
182.200000	-4.247226
182.300000	-4.247226
182.400000	-4.247226
182.500000	-4.247226
182.600000	-4.247226
182.700000	-4.247226
182.800000	-4.247226
182.900000	-4.247226
183.000000	-4.247226
183.100000	-4.247226
183.200000	-4.247226
183.300000	-4.247226
183.400000	-4.247226
183.500000	-4.247226
183.600000	-4.247226
183.700000	-4.247226
183.800000	-4.247226
183.900000	-4.247226
184.000000	-4.247226
184.100000	-4.247226
184.200000	-4.247226
184.300000	-4.247226
184.400000	-4.247226
184.500000	-4.247226
184.600000	-4.247226
184.700000	-4.247226
184.800000	-4.247226
184.900000	-4.247226
185.000000	-4.247226
185.100000	-4.247226
185.200000	-4.247226
185.300000	-4.247226
185.400000	-4.247226
185.500000	-4.247226
185.600000	-4.247226
185.700000	-4.247226
185.800000	-4.247226
185.900000	-4.247226
186.000000	-4.247226
186.100000	-4.247226
186.200000	-4.247226
186.300000	-4.247226
186.400000	-4.247226
186.500000	-4.247226
186.600000	-4.247226
186.700000	-4.247226
186.800000	-4.247226
186.900000	-4.247226
187.000000	-4.247226
187.100000	-4.247226
187.200000	-4.247226
187.300000	-4.247226
187.400000	-4.247226
187.500000	-4.247226
187.600000	-4.247226
187.700000	-4.247226
187.800000	-4.247226
187.900000	-4.247226
188.000000	-4.247226
188.100000	-4.247226
188.200000	-4.247226
188.300000	-4.247226
188.400000	-4.247226
188.500000	-4.247226
188.600000	-4.247226
188.700000	-4.247226
188.800000	-4.247226
188.900000	-4.247226
189.000000	-4.247226
189.100000	-4.247226
189.200000	-4.247226
189.300000	-4.247226
189.400000	-4.247226
189.500000	-4.247226
189.600000	-4.247226
189.700000	-4.247226
189.800000	-4.247226
189.900000	-4.247226
190.000000	-4.247226
190.100000	-4.247226
190.200000	-4.247226
190.300000	-4.247226
190.400000	-4.247226
190.500000	-4.247226
190.600000	-4.247226
190.700000	-4.247226
190.800000	-4.247226
190.900000	-4.247226
191.000000	-4.247226
191.100000	-4.247226
191.200000	-4.247226
191.300000	-4.247226
191.400000	-4.247226
191.500000	-4.247226
191.600000	-4.247226
191.700000	-4.247226
191.800000	-4.247226
191.900000	-4.247226
192.000000	-4.247226
192.100000	-4.247226
192.200000	-4.247226
192.300000	-4.247226
192.400000	-4.247226
192.500000	-4.247226
192.600000	-4.247226
192.700000	-4.247226
192.800000	-4.247226
192.900000	-4.247226
193.000000	-4.247226
193.100000	-4.247226
193.200000	-4.247226
193.300000	-4.247226
193.400000	-4.247226
193.500000	-4.247226
193.600000	-4.247226
193.700000	-4.247226
193.800000	-4.247226
193.900000	-4.247226
194.000000	-4.247226
194.100000	-4.247226
194.200000	-4.247226
194.300000	-4.247226
194.400000	-4.247226
194.500000	-4.247226
194.600000	-4.247226
194.700000	-4.247226
194.800000	-4.247226
194.900000	-4.247226
195.000000	-4.247226
195.100000	-4.247226
195.200000	-4.247226
195.300000	-4.247226
195.400000	-4.247226
195.500000	-4.247226
195.600000	-4.247226
195.700000	-4.247226
195.800000	-4.247226
195.900000	-4.247226
196.000000	-4.247226
196.100000	-4.247226
196.200000	-4.247226
196.300000	-4.247226
196.400000	-4.247226
196.500000	-4.247226
196.600000	-4.247226
196.700000	-4.247226
196.800000	-4.247226
196.900000	-4.247226
197.000000	-4.247226
197.100000	-4.247226
197.200000	-4.247226
197.300000	-4.247226
197.400000	-4.247226
197.500000	-4.247226
197.600000	-4.247226
197.700000	-4.247226
197.800000	-4.247226
197.900000	-4.247226
198.000000	-4.247226
198.100000	-4.247226
198.200000	-4.247226
198.300000	-4.247226
198.400000	-4.247226
198.500000	-4.247226
198.600000	-4.247226
198.700000	-4.247226
198.800000	-4.247226
198.900000	-4.247226
199.000000	-4.247226
199.100000	-4.247226
199.200000	-4.247226
199.300000	-4.247226
199.400000	-4.247226
199.500000	-4.247226
199.600000	-4.247226
199.700000	-4.247226
199.800000	-4.247226
199.900000	-4.247226
200.000000	-4.247226
200.100000	-4.247226
200.200000	-4.247226
200.300000	-4.247226
200.400000	-4.247226
200.500000	-4.247226
200.600000	-4.247226
200.700000	-4.247226
200.800000	-4.247226
200.900000	-4.247226
201.000000	-4.247226
201.100000	-4.247226
201.200000	-4.247226
201.300000	-4.247226
201.400000	-4.247226
201.500000	-4.247226
201.600000	-4.247226
201.700000	-4.247226
201.800000	-4.247226
201.900000	-4.247226
202.000000	-4.247226
202.100000	-4.247226
202.200000	-4.247226
202.300000	9.304039
202.400000	28.328892
202.500000	48.611933
202.600000	69.460617
202.700000	90.643865
202.800000	112.149518
202.900000	133.902822
203.000000	155.868988
203.100000	178.100306
203.200000	200.554692
203.300000	223.204447
203.400000	246.095049
203.500000	269.217520
203.600000	292.576183
203.700000	316.130056
203.800000	339.881044
203.900000	363.842615
204.000000	387.975791
204.100000	412.286821
204.200000	436.808668
204.300000	461.505719
204.400000	486.373309
204.500000	511.451411
204.600000	536.707542
204.700000	562.155052
204.800000	587.754672
204.900000	557.833044
205.000000	472.653849
205.100000	387.851039
205.200000	303.273843
205.300000	218.902536
205.400000	134.740315
205.500000	50.744613
205.600000	-32.989402
205.700000	-116.483422
205.800000	-199.801998
205.900000	-282.936530
206.000000	-365.937938
206.100000	-448.778315
206.200000	-531.383261
206.300000	-602.715580
206.400000	-574.951892
206.500000	-547.154253
206.600000	-519.290572
206.700000	-491.331463
206.800000	-463.273160
206.900000	-435.124521
207.000000	-406.877143
207.100000	-378.506758
207.200000	-350.054570
207.300000	-321.518118
207.400000	-292.945243
207.500000	-264.293940
207.600000	-235.546750
207.700000	-206.724283
207.800000	-177.822083
207.900000	-148.863289
208.000000	-119.861682
208.100000	-90.777601
208.200000	-61.648149
208.300000	-32.443651
208.400000	-3.198273
208.500000	26.105392
208.600000	55.479696
208.700000	84.944393
208.800000	114.414833
208.900000	143.925439
209.000000	173.436442
209.100000	202.969636
209.200000	232.557231
209.300000	262.166091
209.400000	291.782041
209.500000	321.406461
209.600000	351.049331
209.700000	380.737772
209.800000	410.416424
209.900000	440.069600
210.000000	469.743860
210.100000	499.433058
210.200000	529.150586
210.300000	558.842099
210.400000	588.472489
210.500000	615.535967
210.600000	621.254963
210.700000	580.450313
210.800000	514.642538
210.900000	446.679549
211.000000	378.773407
211.100000	310.802655
211.200000	242.791876
211.300000	174.848284
211.400000	106.945515
211.500000	38.976398
211.600000	-29.002079
211.700000	-96.910638
211.800000	-164.814484
211.900000	-232.765671
212.000000	-300.737050
212.100000	-368.749731
212.200000	-436.779994
212.300000	-504.888773
212.400000	-571.941379
212.500000	-620.576516
212.600000	-623.681362
212.700000	-599.712022
212.800000	-571.541772
212.900000	-543.323662
213.000000	-515.135524
213.100000	-487.062743
213.200000	-459.163299
213.300000	-431.267258
213.400000	-403.425276
213.500000	-375.790033
213.600000	-348.239612
213.700000	-320.781708
213.800000	-293.463470
213.900000	-266.305078
214.000000	-239.232216
214.100000	-212.195888
214.200000	-185.317528
214.300000	-158.661466
214.400000	-132.070623
214.500000	-105.652198
214.600000	-79.367037
214.700000	-53.241319
214.800000	-27.172734
214.900000	-1.327724
215.000000	24.358837
215.100000	49.992924
215.200000	75.478730
215.300000	100.663579
215.400000	125.754365
215.500000	150.769793
215.600000	175.552719
215.700000	200.109520
215.800000	224.554162
215.900000	248.858698
216.000000	272.852753
216.100000	296.753553
216.200000	320.554500
216.300000	344.060797
216.400000	367.347925
216.500000	390.574572
216.600000	413.532422
216.700000	436.207897
216.800000	458.746558
216.900000	481.129263
217.000000	503.243677
217.100000	525.244864
217.200000	547.024501
217.300000	568.559799
217.400000	589.846104
217.500000	555.363840
217.600000	465.194242
217.700000	374.789128
217.800000	284.336388
217.900000	193.756731
218.000000	102.901312
218.100000	11.866252
218.200000	-79.142475
218.300000	-170.399660
218.400000	-261.871897
218.500000	-353.427340
218.600000	-445.246487
218.700000	-537.199416
218.800000	-585.113525
218.900000	-567.381579
219.000000	-549.985048
219.100000	-532.722973
219.200000	-515.689183
219.300000	-498.920499
219.400000	-482.433746
219.500000	-466.199982
219.600000	-450.228972
219.700000	-434.534936
219.800000	-418.987726
219.900000	-403.802906
220.000000	-388.882486
220.100000	-374.192093
220.200000	-359.785212
220.300000	-345.705765
220.400000	-331.863518
220.500000	-318.283233
220.600000	-305.025703
220.700000	-292.020342
220.800000	-279.235688
220.900000	-266.780821
221.000000	-254.616632
221.100000	-242.693194
221.200000	-231.122033
221.300000	-219.846376
221.400000	-208.718479
221.500000	-197.984604
221.600000	-187.608259
221.700000	-177.402092
221.800000	-167.516014
221.900000	-158.019883
222.000000	-148.739154
222.100000	-139.652542
222.200000	-130.993086
222.300000	-122.633775
222.400000	-114.491394
222.500000	-106.688902
222.600000	-99.205254
222.700000	-92.020719
222.800000	-85.109892
222.900000	-78.577493
223.000000	-72.174484
223.100000	-66.245097
223.200000	-60.622966
223.300000	-55.138080
223.400000	-49.897944
223.500000	-45.198388
223.600000	-40.756853
223.700000	-36.578024
223.800000	-32.724999
223.900000	-29.271148
224.000000	-25.967322
224.100000	-23.119423
224.200000	-20.869977
224.300000	-18.035012
224.400000	-16.321781
224.500000	-14.464635
224.600000	-13.254113
224.700000	-12.230945
224.800000	-11.393943
224.900000	-10.934270
225.000000	-10.854052
225.100000	-10.854052
225.200000	-10.854052
225.300000	-10.854052
225.400000	-10.854052
225.500000	-10.854052
225.600000	-10.854052
225.700000	-10.854052
225.800000	-10.854052
225.900000	-10.854052
226.000000	-10.854052
226.100000	-10.854052
226.200000	-10.854052
226.300000	-10.854052
226.400000	-10.854052
226.500000	-10.854052
226.600000	-10.854052
226.700000	-10.854052
226.800000	-10.854052
226.900000	-10.854052
227.000000	-10.854052
227.100000	-10.854052
227.200000	-10.854052
227.300000	-10.854052
227.400000	-10.854052
227.500000	-10.854052
227.600000	-10.854052
227.700000	-10.854052
227.800000	-10.854052
227.900000	-10.854052
228.000000	-10.854052
228.100000	-10.854052
228.200000	-10.854052
228.300000	-10.854052
228.400000	-10.854052
228.500000	-10.854052
228.600000	-10.854052
228.700000	-10.854052
228.800000	-10.854052
228.900000	-10.854052
229.000000	-10.854052
229.100000	-10.854052
229.200000	-10.854052
229.300000	-10.854052
229.400000	-10.854052
229.500000	-10.854052
229.600000	-10.854052
229.700000	-10.854052
229.800000	-10.854052
229.900000	-10.854052
230.000000	-10.854052
230.100000	-10.854052
230.200000	-10.854052
230.300000	-10.854052
230.400000	-10.854052
230.500000	-10.854052
230.600000	-10.854052
230.700000	-10.854052
230.800000	-10.854052
230.900000	-10.854052
231.000000	-10.854052
231.100000	-10.854052
231.200000	-10.854052
231.300000	-10.854052
231.400000	-10.854052
231.500000	-10.854052
231.600000	-10.854052
231.700000	-10.854052
231.800000	-10.854052
231.900000	-10.854052
232.000000	-10.854052
232.100000	-10.854052
232.200000	-10.854052
232.300000	-10.854052
232.400000	-10.854052
232.500000	-10.854052
232.600000	-10.854052
232.700000	-10.854052
232.800000	-10.854052
232.900000	-10.854052
233.000000	-10.854052
233.100000	-10.854052
233.200000	-10.854052
233.300000	-10.854052
233.400000	-10.854052
233.500000	-10.854052
233.600000	-10.854052
233.700000	-10.854052
233.800000	-10.854052
233.900000	-10.854052
234.000000	-10.854052
234.100000	-10.854052
234.200000	-10.854052
234.300000	-10.854052
234.400000	-10.854052
234.500000	-10.854052
234.600000	-10.854052
234.700000	-10.854052
234.800000	-10.854052
234.900000	-10.854052
235.000000	-10.854052
235.100000	-10.854052
235.200000	-10.854052
235.300000	-10.854052
235.400000	-10.854052
235.500000	-10.854052
235.600000	-10.854052
235.700000	-10.854052
235.800000	-10.854052
235.900000	-10.854052
236.000000	-10.854052
236.100000	-10.854052
236.200000	-10.854052
236.300000	-10.854052
236.400000	-10.854052
236.500000	-10.854052
236.600000	-10.854052
236.700000	-10.854052
236.800000	-10.854052
236.900000	-10.854052
237.000000	-10.854052
237.100000	-10.854052
237.200000	-10.854052
237.300000	-10.854052
237.400000	-10.854052
237.500000	-10.854052
237.600000	-10.854052
237.700000	-10.854052
237.800000	-10.854052
237.900000	-10.854052
238.000000	-10.854052
238.100000	-10.854052
238.200000	-10.854052
238.300000	-10.854052
238.400000	-10.854052
238.500000	-10.854052
238.600000	-10.854052
238.700000	-10.854052
238.800000	-10.854052
238.900000	-10.854052
239.000000	-10.854052
239.100000	-10.854052
239.200000	-10.854052
239.300000	-10.854052
239.400000	-10.854052
239.500000	-10.854052
239.600000	-10.854052
239.700000	-10.854052
239.800000	-10.854052
239.900000	-10.854052
240.000000	-10.854052
240.100000	-10.854052
240.200000	-10.854052
240.300000	-10.854052
240.400000	-10.854052
240.500000	-10.854052
240.600000	-10.854052
240.700000	-10.854052
240.800000	-10.854052
240.900000	-10.854052
241.000000	-10.854052
241.100000	-10.854052
241.200000	-10.854052
241.300000	-10.854052
241.400000	-10.854052
241.500000	-10.854052
241.600000	-10.854052
241.700000	-10.854052
241.800000	-10.854052
241.900000	-10.854052
242.000000	-10.854052
242.100000	-10.854052
242.200000	-10.854052
242.300000	-10.854052
242.400000	-10.854052
242.500000	-10.854052
242.600000	-10.854052
242.700000	-10.854052
242.800000	-10.854052
242.900000	-10.854052
243.000000	-10.854052
243.100000	-10.854052
243.200000	-10.854052
243.300000	-10.854052
243.400000	-10.854052
243.500000	-10.854052
243.600000	-10.854052
243.700000	-10.854052
243.800000	-10.854052
243.900000	-10.854052
244.000000	-10.854052
244.100000	-10.854052
244.200000	-10.854052
244.300000	-10.854052
244.400000	-10.854052
244.500000	-10.854052
244.600000	-10.854052
244.700000	-10.854052
244.800000	-10.854052
244.900000	-10.854052
245.000000	-10.854052
245.100000	-10.854052
245.200000	-10.854052
245.300000	-10.854052
245.400000	-10.854052
245.500000	-10.854052
245.600000	-10.854052
245.700000	-10.854052
245.800000	-10.854052
245.900000	-10.854052
246.000000	-10.854052
246.100000	-10.854052
246.200000	-10.854052
246.300000	-10.854052
246.400000	-10.854052
246.500000	-10.854052
246.600000	-10.854052
246.700000	-10.854052
246.800000	-10.854052
246.900000	-10.854052
247.000000	-10.854052
247.100000	-10.854052
247.200000	-10.854052
247.300000	-10.854052
247.400000	-10.854052
247.500000	-10.854052
247.600000	-10.854052
247.700000	-10.854052
247.800000	-10.854052
247.900000	-10.854052
248.000000	-10.854052
248.100000	-10.854052
248.200000	-10.854052
248.300000	-10.854052
248.400000	-10.854052
248.500000	-10.854052
248.600000	-10.854052
248.700000	-10.854052
248.800000	-10.854052
248.900000	-10.854052
249.000000	-10.854052
249.100000	-10.854052
249.200000	-10.854052
249.300000	-10.854052
249.400000	-10.854052
249.500000	-10.854052
249.600000	-10.854052
249.700000	-10.854052
249.800000	-10.854052
249.900000	-10.854052
250.000000	-10.854052
250.100000	-10.854052
250.200000	-10.854052
250.300000	-10.854052
250.400000	-10.854052
250.500000	-10.854052
250.600000	-10.854052
250.700000	-10.854052
250.800000	-10.854052
250.900000	-10.854052
251.000000	-10.854052
251.100000	-10.854052
251.200000	-10.854052
251.300000	-10.854052
251.400000	-10.854052
251.500000	-10.854052
251.600000	-10.854052
251.700000	-10.854052
251.800000	-10.854052
251.900000	-10.854052
252.000000	-10.854052
252.100000	-10.854052
252.200000	-10.854052
252.300000	2.702609
252.400000	21.728507
252.500000	42.011777
252.600000	62.860465
252.700000	84.043669
252.800000	105.549264
252.900000	127.302504
253.000000	149.268586
253.100000	171.499831
253.200000	193.954147
253.300000	216.603833
253.400000	239.494359
253.500000	262.616747
253.600000	285.975334
253.700000	309.529135
253.800000	333.280051
253.900000	357.241541
254.000000	381.374633
254.100000	405.685585
254.200000	430.207358
254.300000	454.904335
254.400000	479.771845
254.500000	504.838780
254.600000	530.094843
254.700000	555.542280
254.800000	581.141825
254.900000	584.594073
255.000000	499.316349
255.100000	414.484905
255.200000	329.887775
255.300000	245.499598
255.400000	161.321631
255.500000	77.310594
255.600000	-6.483176
255.700000	-89.992220
255.800000	-173.325834
255.900000	-256.475405
256.000000	-339.491851
256.100000	-422.347263
256.200000	-505.011062
256.300000	-587.365936
256.400000	-581.573991
256.500000	-553.757462
256.600000	-525.887194
256.700000	-497.936791
256.800000	-469.877742
256.900000	-441.728899
257.000000	-413.481521
257.100000	-385.111191
257.200000	-356.659078
257.300000	-328.122708
257.400000	-299.549916
257.500000	-270.898699
257.600000	-242.151593
257.700000	-213.329225
257.800000	-184.427118
257.900000	-155.468412
258.000000	-126.466893
258.100000	-97.382899
258.200000	-68.253533
258.300000	-39.049122
258.400000	-9.803831
258.500000	19.488647
258.600000	48.862858
258.700000	78.327462
258.800000	107.797813
258.900000	137.308330
259.000000	166.819245
259.100000	196.352352
259.200000	225.939859
259.300000	255.548631
259.400000	285.164493
259.500000	314.788825
259.600000	344.431607
259.700000	374.119954
259.800000	403.798507
259.900000	433.451592
260.000000	463.125763
260.100000	492.814873
260.200000	522.521212
260.300000	552.212641
260.400000	581.842946
260.500000	608.906426
260.600000	614.626165
260.700000	573.823876
260.800000	508.019326
260.900000	440.070719
261.000000	372.167864
261.100000	304.200410
261.200000	236.192922
261.300000	168.252618
261.400000	100.353136
261.500000	32.387305
261.600000	-35.576823
261.700000	-103.482110
261.800000	-171.382682
261.900000	-239.330596
262.000000	-307.298701
262.100000	-375.308102
262.200000	-443.335085
262.300000	-511.429720
262.400000	-578.479109
262.500000	-627.111652
262.600000	-630.215486
262.700000	-606.246066
262.800000	-578.075896
262.900000	-549.857868
263.000000	-521.669813
263.100000	-493.607972
263.200000	-465.708603
263.300000	-437.812644
263.400000	-409.970744
263.500000	-382.335582
263.600000	-354.785243
263.700000	-327.327420
263.800000	-300.009262
263.900000	-272.850951
264.000000	-245.778169
264.100000	-218.741921
264.200000	-191.863640
264.300000	-165.207657
264.400000	-138.616893
264.500000	-112.198546
264.600000	-85.913457
264.700000	-59.787809
264.800000	-33.719301
264.900000	-7.874367
265.000000	17.801115
265.100000	43.435127
265.200000	68.920858
265.300000	94.105632
265.400000	119.196344
265.500000	144.211697
265.600000	168.994550
265.700000	193.551278
265.800000	217.995848
265.900000	242.300319
266.000000	266.294307
266.100000	290.195036
266.200000	313.995912
266.300000	337.502139
266.400000	360.789198
266.500000	384.015776
266.600000	406.973557
266.700000	429.648966
266.800000	452.187559
266.900000	474.570203
267.000000	496.679120
267.100000	518.674674
267.200000	540.454246
267.300000	561.989480
267.400000	583.275721
267.500000	582.168602
267.600000	491.929780
267.700000	401.509229
267.800000	311.041218
267.900000	220.446292
268.000000	129.575565
268.100000	38.525235
268.200000	-52.543457
268.300000	-143.815897
268.400000	-235.303356
268.500000	-326.874020
268.600000	-418.708424
268.700000	-510.720567
268.800000	-580.650219
268.900000	-562.914185
269.000000	-545.517609
269.100000	-528.255499
269.200000	-511.221674
269.300000	-494.445532
269.400000	-477.958748
269.500000	-461.724951
269.600000	-445.753907
269.700000	-430.059839
269.800000	-414.512598
269.900000	-399.327751
270.000000	-384.407301
270.100000	-369.716878
270.200000	-355.309967
270.300000	-341.230491
270.400000	-327.388216
270.500000	-313.807903
270.600000	-300.550346
270.700000	-287.544958
270.800000	-274.760278
270.900000	-262.305390
271.000000	-250.141176
271.100000	-238.217713
271.200000	-226.646529
271.300000	-215.370848
271.400000	-204.242929
271.500000	-193.509032
271.600000	-183.132665
271.700000	-172.926478
271.800000	-163.040379
271.900000	-153.544229
272.000000	-144.263480
272.100000	-135.176850
272.200000	-126.517380
272.300000	-118.158052
272.400000	-110.015654
272.500000	-102.213146
272.600000	-94.729482
272.700000	-87.544933
272.800000	-80.634092
272.900000	-74.101679
273.000000	-67.698657
273.100000	-61.769258
273.200000	-56.147115
273.300000	-50.662218
273.400000	-45.422067
273.500000	-40.722501
273.600000	-36.280957
273.700000	-32.102121
273.800000	-28.249090
273.900000	-24.795232
274.000000	-21.491400
274.100000	-18.643495
274.200000	-16.394044
274.300000	-13.559073
274.400000	-11.845839
274.500000	-9.989160
274.600000	-8.774197
274.700000	-7.865707
274.800000	-7.120099
274.900000	-6.578388
275.000000	-6.336035
275.100000	-6.336035
275.200000	-6.336035
275.300000	-6.336035
275.400000	-6.336035
275.500000	-6.336035
275.600000	-6.336035
275.700000	-6.336035
275.800000	-6.336035
275.900000	-6.336035
276.000000	-6.336035
276.100000	-6.336035
276.200000	-6.336035
276.300000	-6.336035
276.400000	-6.336035
276.500000	-6.336035
276.600000	-6.336035
276.700000	-6.336035
276.800000	-6.336035
276.900000	-6.336035
277.000000	-6.336035
277.100000	-6.336035
277.200000	-6.336035
277.300000	-6.336035
277.400000	-6.336035
277.500000	-6.336035
277.600000	-6.336035
277.700000	-6.336035
277.800000	-6.336035
277.900000	-6.336035
278.000000	-6.336035
278.100000	-6.336035
278.200000	-6.336035
278.300000	-6.336035
278.400000	-6.336035
278.500000	-6.336035
278.600000	-6.336035
278.700000	-6.336035
278.800000	-6.336035
278.900000	-6.336035
279.000000	-6.336035
279.100000	-6.336035
279.200000	-6.336035
279.300000	-6.336035
279.400000	-6.336035
279.500000	-6.336035
279.600000	-6.336035
279.700000	-6.336035
279.800000	-6.336035
279.900000	-6.336035
280.000000	-6.336035
280.100000	-6.336035
280.200000	-6.336035
280.300000	-6.336035
280.400000	-6.336035
280.500000	-6.336035
280.600000	-6.336035
280.700000	-6.336035
280.800000	-6.336035
280.900000	-6.336035
281.000000	-6.336035
281.100000	-6.336035
281.200000	-6.336035
281.300000	-6.336035
281.400000	-6.336035
281.500000	-6.336035
281.600000	-6.336035
281.700000	-6.336035
281.800000	-6.336035
281.900000	-6.336035
282.000000	-6.336035
282.100000	-6.336035
282.200000	-6.336035
282.300000	-6.336035
282.400000	-6.336035
282.500000	-6.336035
282.600000	-6.336035
282.700000	-6.336035
282.800000	-6.336035
282.900000	-6.336035
283.000000	-6.336035
283.100000	-6.336035
283.200000	-6.336035
283.300000	-6.336035
283.400000	-6.336035
283.500000	-6.336035
283.600000	-6.336035
283.700000	-6.336035
283.800000	-6.336035
283.900000	-6.336035
284.000000	-6.336035
284.100000	-6.336035
284.200000	-6.336035
284.300000	-6.336035
284.400000	-6.336035
284.500000	-6.336035
284.600000	-6.336035
284.700000	-6.336035
284.800000	-6.336035
284.900000	-6.336035
285.000000	-6.336035
285.100000	-6.336035
285.200000	-6.336035
285.300000	-6.336035
285.400000	-6.336035
285.500000	-6.336035
285.600000	-6.336035
285.700000	-6.336035
285.800000	-6.336035
285.900000	-6.336035
286.000000	-6.336035
286.100000	-6.336035
286.200000	-6.336035
286.300000	-6.336035
286.400000	-6.336035
286.500000	-6.336035
286.600000	-6.336035
286.700000	-6.336035
286.800000	-6.336035
286.900000	-6.336035
287.000000	-6.336035
287.100000	-6.336035
287.200000	-6.336035
287.300000	-6.336035
287.400000	-6.336035
287.500000	-6.336035
287.600000	-6.336035
287.700000	-6.336035
287.800000	-6.336035
287.900000	-6.336035
288.000000	-6.336035
288.100000	-6.336035
288.200000	-6.336035
288.300000	-6.336035
288.400000	-6.336035
288.500000	-6.336035
288.600000	-6.336035
288.700000	-6.336035
288.800000	-6.336035
288.900000	-6.336035
289.000000	-6.336035
289.100000	-6.336035
289.200000	-6.336035
289.300000	-6.336035
289.400000	-6.336035
289.500000	-6.336035
289.600000	-6.336035
289.700000	-6.336035
289.800000	-6.336035
289.900000	-6.336035
290.000000	-6.336035
290.100000	-6.336035
290.200000	-6.336035
290.300000	-6.336035
290.400000	-6.336035
290.500000	-6.336035
290.600000	-6.336035
290.700000	-6.336035
290.800000	-6.336035
290.900000	-6.336035
291.000000	-6.336035
291.100000	-6.336035
291.200000	-6.336035
291.300000	-6.336035
291.400000	-6.336035
291.500000	-6.336035
291.600000	-6.336035
291.700000	-6.336035
291.800000	-6.336035
291.900000	-6.336035
292.000000	-6.336035
292.100000	-6.336035
292.200000	-6.336035
292.300000	-6.336035
292.400000	-6.336035
292.500000	-6.336035
292.600000	-6.336035
292.700000	-6.336035
292.800000	-6.336035
292.900000	-6.336035
293.000000	-6.336035
293.100000	-6.336035
293.200000	-6.336035
293.300000	-6.336035
293.400000	-6.336035
293.500000	-6.336035
293.600000	-6.336035
293.700000	-6.336035
293.800000	-6.336035
293.900000	-6.336035
294.000000	-6.336035
294.100000	-6.336035
294.200000	-6.336035
294.300000	-6.336035
294.400000	-6.336035
294.500000	-6.336035
294.600000	-6.336035
294.700000	-6.336035
294.800000	-6.336035
294.900000	-6.336035
295.000000	-6.336035
295.100000	-6.336035
295.200000	-6.336035
295.300000	-6.336035
295.400000	-6.336035
295.500000	-6.336035
295.600000	-6.336035
295.700000	-6.336035
295.800000	-6.336035
295.900000	-6.336035
296.000000	-6.336035
296.100000	-6.336035
296.200000	-6.336035
296.300000	-6.336035
296.400000	-6.336035
296.500000	-6.336035
296.600000	-6.336035
296.700000	-6.336035
296.800000	-6.336035
296.900000	-6.336035
297.000000	-6.336035
297.100000	-6.336035
297.200000	-6.336035
297.300000	-6.336035
297.400000	-6.336035
297.500000	-6.336035
297.600000	-6.336035
297.700000	-6.336035
297.800000	-6.336035
297.900000	-6.336035
298.000000	-6.336035
298.100000	-6.336035
298.200000	-6.336035
298.300000	-6.336035
298.400000	-6.336035
298.500000	-6.336035
298.600000	-6.336035
298.700000	-6.336035
298.800000	-6.336035
298.900000	-6.336035
299.000000	-6.336035
299.100000	-6.336035
299.200000	-6.336035
299.300000	-6.336035
299.400000	-6.336035
299.500000	-6.336035
299.600000	-6.336035
299.700000	-6.336035
299.800000	-6.336035
299.900000	-6.336035
